Multi-EDSM starting...

Preprocessing starting...
1. Shift-And
2. Pos2Pat
3. SuffixTree
4. OccVector
Preproccessing 161565 patterns of total size M=1937789 completed in 3.66521s.

Searching...
No. determinate bases (f): 99923005
No. degenerate bases (F): 5283360
No. determinate segments (d): 2275354
No. degenerate segments (D): 2413900
No. strings processed shorter than pattern (N'): 5468152
Multi-EDSM total processing time: 28594.5s.

460 matches found!

Position,PatternId
------------------
20118213,50622
20430227,52599
21928742,83145
22550664,59767
22647001,104427
22692785,135001
22833293,66643
22833581,56625
22927107,149543
22937663,89394
22947344,70835
23207603,136458
23946593,82433
24007728,111356
24534499,112279
24896777,119481
24906292,45673
25018187,100627
25049764,37039
25200770,160573
25790075,60398
26012517,21337
26296395,107278
28214158,127484
28239720,141096
28379153,152426
28456381,24952
28700425,119710
29108547,58874
29416945,2991
29740845,2333
30103479,130331
30113721,124071
30134357,113210
30193448,143067
30318538,63548
30347193,43810
30752388,16278
30916577,132820
30956617,71336
31196565,14580
31380936,95860
31596913,134338
31775706,123479
31776761,32774
32259858,28824
32999157,61009
33010332,123112
33420817,54331
33603649,95771
33705615,61368
33758984,11845
34020001,140081
34223336,49631
34520764,132518
34787106,62470
34875376,104524
34875860,104115
35045328,78468
35168787,48173
35521536,121278
36282224,156480
36718140,49998
36903925,61392
37182962,95597
37266522,19062
37392675,156100
37486365,127283
38542964,60252
38850717,71677
39325645,135935
39487818,29592
39602987,51577
39636962,88599
39748816,96663
39813990,49657
39880807,38177
40074786,155471
40226969,69319
40375596,127070
40401068,65378
40421061,130857
40551155,72282
40803931,37615
40856906,71509
40987332,12810
41056255,51618
41222188,65235
41276018,10936
41377617,157663
41562482,59932
41576809,94198
41624882,132346
41684223,64755
41793380,6969
41938456,44181
41955824,51841
42019420,45934
42043580,126580
42185335,142731
42759966,68110
42783146,138142
43271683,62676
43399304,13376
43663407,115966
44357762,50951
44580832,65433
44719282,146399
45004095,150448
45353332,140235
45408405,118643
45480707,17268
45722677,63605
45879430,89610
45879499,102326
45942753,20470
46088556,45501
46363131,94565
46585373,160481
46651114,110494
46791531,51602
46833600,65336
47170959,114440
47628765,50324
47816318,18972
48624377,93873
48902664,45247
48937459,2840
48937459,2839
48937462,89298
49216408,13147
49679405,101103
50292032,12911
50444934,10267
50473754,58188
50716764,38898
50732237,131803
50819746,137919
50976500,107633
51200753,43761
51200764,96415
51385915,158068
51397298,13743
51546297,103103
51634194,109536
51695399,88415
52109351,69033
52204934,68609
52860624,96857
53076751,156411
53085903,58371
53087233,157497
53087239,128485
53412839,68106
54302934,100809
54530619,51313
54832824,54617
55489546,74979
55582449,67435
55772537,50134
55928786,98250
56086872,98015
56189784,64878
56303160,135503
56390314,17314
57012308,67606
57213018,155704
57582320,89084
57731817,11881
57812132,105927
58357716,25434
58789438,128091
59063328,43229
59337867,87771
59414817,33479
59664472,94337
59673123,108499
59768628,103075
59835570,99884
59909974,402
59909974,403
59937055,41651
60032607,14334
60227613,137801
60285674,95174
60292079,136027
60425989,47738
61236261,68904
61521701,135771
62034294,59010
62090485,102999
62352110,101269
62353372,2182
62358902,29001
62477097,13771
62644684,103555
62720627,67554
62796631,64546
62973750,142034
63098428,89805
63171888,150631
63277305,115397
63280268,124874
63481736,120271
63595027,38210
63673097,63096
63892921,81887
64196399,45372
64364493,61444
64487332,137884
64673735,109779
64820703,64190
64947647,51802
64995580,138696
64995581,128146
65068228,84821
65136470,157492
65269127,50013
65476906,140860
65476906,140861
65597188,7288
65597188,19697
65597188,97953
66026137,29450
66084417,107670
66138222,155888
66308705,76908
66339731,55497
66780076,12039
66793794,149360
67022095,98047
67137722,150277
67222861,56118
67325886,43928
67410394,132193
68132209,35245
68177265,107387
68522453,78141
68582768,57589
69110943,7489
69111046,121287
69324819,143506
69325616,138471
69444988,122025
69683153,10970
69706673,138369
69737172,93152
69794710,149441
69969082,68647
70233813,155432
70365581,110481
70390290,61185
70391303,86372
70846565,111800
70854048,151887
71184876,94361
71761903,126723
71854841,141626
72486473,2156
72490186,108524
72976710,104044
72976710,9752
73076062,157815
73133315,51346
73218096,124730
73313545,59489
73854776,91958
73892214,142879
73925549,102063
74405608,47612
74422384,18926
74473269,94413
74616499,12862
74833931,56193
74834495,152211
74901984,138933
74908142,38695
74989038,62597
74998045,44521
75038107,113788
75151044,160713
75248374,89130
75315754,14028
75494577,19288
75562674,72595
75745918,57177
75871144,35570
75917472,72298
75952923,30700
76055260,4576
76148216,9525
76357812,78492
76527095,57561
76638223,63096
76639101,109974
77037250,54082
77442634,82977
77852902,141663
78193771,72074
78591959,134092
78794666,96656
78934233,129019
79043606,35982
79092841,137163
79273529,111830
79310336,122246
79324610,93706
79574558,158599
79673542,56014
79801424,128153
80189052,45978
80376587,144433
80427495,51040
80577919,59635
80736628,45168
81069690,99395
81141870,139152
81239803,51062
81494551,44371
81547615,140432
81693079,100908
82119764,51840
82177285,127912
82369755,102812
82533682,36867
83241411,146249
83316343,102965
83316339,109499
83316340,28271
83316345,77310
83316339,109499
83316340,28271
83316345,77310
83316343,102965
83316339,109499
83316340,28271
83316345,77310
83316339,109499
83316340,28271
83316345,77310
83361066,30870
83517497,145782
83541477,119971
83621220,141518
83654999,60826
83894382,42090
84007035,54079
84041478,113586
84116884,87915
84145619,63036
84450803,111054
84659627,80945
84748519,104474
85114428,9280
85251003,157195
85524637,129897
85544427,129784
85831495,125071
86003576,108480
86228838,42951
86309794,109565
86309795,115739
86384107,31385
86623984,104525
87399340,96849
88178250,139287
88669529,4326
88698231,143107
88870656,95909
88976390,10009
89009794,80717
89164410,113931
89169913,8960
89346117,110481
89533230,8060
89755259,50974
89878032,21309
89943535,148491
89952111,136587
90578388,131784
90750912,145728
90818479,103136
91108582,67986
91245367,134309
91260352,151802
91369669,124287
91369905,23398
91427702,95832
91455070,94047
91475792,132882
91549845,51012
91790618,129794
91840138,50919
91840222,50919
91888768,94632
92067354,44481
92084307,136951
92238887,107494
92479856,89487
92496002,143680
92706133,154656
93141078,146002
93470519,121071
93584544,145969
93619304,124636
93635746,138769
93682158,51685
93790920,141131
93923871,50888
94000301,158372
94155622,148042
94465246,63601
94565541,7626
94741250,101658
94907047,98282
95171634,74011
95255722,158086
95847818,91623
96170255,151211
96234085,34630
96780299,74982
96829019,69549
96836356,18195
96913718,38639
96914017,133151
97023439,68092
97214356,127487
97629149,135168
98071512,63353
98122030,157592
98141620,94566
98203505,66501
98690297,2383
98867025,150759
98965479,88807
99395774,130233
99463265,107364
99489146,42761
100348329,55665
100466538,147000
100543393,101263
100679912,147657
100772586,35703
100881408,31818
100881642,118395
101251629,65666
101443128,147164
101464765,133532
101593851,130295
101758274,847
101792477,116485
101803650,50604
101817420,109896
101938682,156529
102062196,49300
102111668,143757
102198394,60562
102264290,97213
102286396,160827
102293093,77890
28597.40user 8.82system 15:26:27elapsed 51%CPU (0avgtext+0avgdata 4272716maxresident)k
220352inputs+0outputs (3major+1055850minor)pagefaults 0swaps
