Multi-EDSM starting...

Preprocessing starting...
1. Shift-And
2. Pos2Pat
3. SuffixTree
4. OccVector
Preproccessing 161565 patterns of total size M=1937789 completed in 12.18s.

Searching...
No. determinate bases (f): 87478689
No. degenerate bases (F): 6663706
No. determinate segments (d): 2511676
No. degenerate segments (D): 2685440
No. strings processed shorter than pattern (N'): 6186542
Multi-EDSM total processing time: 12885.3s.

1158 matches found!

Position,PatternId
------------------
74307,8371
111941,20784
188818,77442
215863,57358
226274,103157
284729,124813
324590,64173
324807,37951
325031,63987
326087,5191
339531,155915
390131,102820
427533,158779
432553,20315
432740,29303
451197,117203
474805,9796
565780,45831
577252,39409
584443,125023
674780,94306
698226,7403
730305,20000
765982,155552
833195,16114
848236,32089
867792,82978
867794,48327
867795,9255
926169,71945
981935,68418
998336,45707
1017337,39112
1033873,129691
1052835,65870
1107696,91690
1113155,124191
1120400,18266
1194593,131982
1206300,108763
1219471,20738
1238712,42845
1261475,70053
1318996,16803
1319183,161408
1336433,133743
1383181,9706
1383910,65311
1426998,24914
1458364,144814
1470722,127888
1487190,72514
1498452,125779
1507481,137417
1507531,137417
1507481,137417
1507531,137417
1507481,137417
1507531,137417
1507481,137417
1507531,137417
1507481,137417
1507531,137417
1507481,137417
1507531,59496
1507481,137417
1507531,59496
1507481,137417
1507531,59496
1507481,137417
1507531,59496
1507481,137417
1507531,59496
1507481,137417
1507530,118558
1507481,137417
1507530,118558
1507481,137417
1507530,118558
1507481,137417
1507530,118558
1507481,137417
1507530,118558
1507481,137417
1507530,118549
1507481,137417
1507530,118549
1507481,137417
1507530,118549
1507481,137417
1507530,118549
1507481,137417
1507530,118549
1507481,137417
1507531,137417
1507481,137417
1507531,137417
1507481,137417
1507531,137417
1507481,137417
1507531,137417
1507481,137417
1507531,137417
1507481,137417
1507531,59496
1507481,137417
1507531,59496
1507481,137417
1507531,59496
1507481,137417
1507531,59496
1507481,137417
1507531,59496
1507481,137417
1507530,118558
1507481,137417
1507530,118558
1507481,137417
1507530,118558
1507481,137417
1507530,118558
1507481,137417
1507530,118558
1507481,137417
1507530,118549
1507481,137417
1507530,118549
1507481,137417
1507530,118549
1507481,137417
1507530,118549
1507481,137417
1507530,118549
1507481,137417
1525386,28864
1545340,5801
1570633,40426
1583993,34991
1604278,30460
1604279,134427
1628224,18212
1628224,18213
1662311,73552
1662510,133145
1689086,76498
1723104,35439
1728160,75057
1749776,147281
1799691,88791
1816342,106973
1821369,98925
1833518,75069
1922141,89049
1939377,10726
1939377,10729
1965902,45035
2007635,43969
2020680,73755
2042174,137114
2088963,13872
2115581,20523
2115684,40390
2143632,76886
2223815,107234
2226173,76077
2231478,134229
2245410,145800
2246084,15675
2286705,34586
2286709,91841
2287606,13948
2318903,30357
2479793,50720
2479794,105517
2479793,50720
2479794,105517
2517324,157652
2523871,57868
2607704,144646
2653665,47442
2720192,53657
2722024,69353
2753578,20110
2801856,77372
2806565,62905
2806570,144119
2816184,130405
2864600,139279
2872850,146415
2903976,20115
2918188,20991
2933186,76497
2944629,119761
2955046,86765
2955047,122216
2995295,9707
3074175,88311
3207292,102574
3238944,157767
3243874,108631
3306395,132278
3389168,60882
3391821,135356
3417952,69600
3550781,102182
3561485,28091
3637176,15998
3637178,64303
3661895,84868
3826810,17988
3852592,61964
3869542,67757
3928521,144972
3965839,146827
3969540,114635
3988640,6492
3989411,92297
4103441,112998
4257434,18244
4258267,156643
4261613,128348
4291135,48393
4303805,107858
4321278,11084
4322425,116730
4466298,134015
4588429,94508
4730415,41661
4743378,63555
4743740,82836
4829254,52830
4840068,67276
4897167,24238
4932514,72052
4935127,53450
4991971,51810
5128793,102417
5290905,99434
5582385,9656
5916721,45086
6015972,106439
6026412,60102
6069126,94613
6134602,124968
6215690,71425
6218118,132356
6258633,77503
6299887,1616
6468970,126951
6497110,106935
6640731,47695
6679356,65447
6730223,64867
6736283,96196
6839066,144654
6941721,87414
6977453,44968
7108169,123927
7209317,71266
7321735,94773
7354993,151659
7428334,35659
7560694,80225
7715063,139909
7811928,64756
8069442,98324
8322716,145667
8334983,53946
8593452,44081
8593451,101605
8593452,44081
8593456,39939
8593457,71289
8593451,101605
8593452,44081
8593451,101605
8593452,44081
8593456,39939
8593457,71289
8593451,101605
8613672,133763
8617849,94415
8722952,101936
8736091,154107
8816793,152051
8826543,53990
8980072,119704
9576577,147034
9736807,45078
9843473,68614
9917354,131608
10198059,153269
10217463,18149
10315332,111462
10336762,122613
10385377,160867
10481910,11061
10619877,89786
10774950,50875
10776821,129815
11027207,59990
11031939,79447
11104806,129860
11276977,126523
11281056,49726
11527820,17170
11545904,68044
11595361,52029
11636986,71895
11860316,138114
11957683,88505
12070482,21492
12081357,141617
12211243,23383
12511796,64428
12606570,149923
12670008,23119
12902880,91070
12996138,5927
13155295,61185
13190186,133545
13255454,149726
13270774,61009
13445101,68754
13462364,73861
13635716,104381
13895510,21292
14029700,104702
14070524,55211
14261019,132357
14355533,154681
14402001,19081
14450267,71980
14562242,138672
14727663,108646
15096750,52497
15138311,45793
15150707,19013
15315911,73380
15711345,16879
15711346,93524
15718925,155577
15808540,141131
15957234,52396
15982338,159693
16160715,9446
16197667,80942
16211542,118601
16215883,153597
16565237,152146
16565240,129509
16667284,141673
17061944,79400
17205002,69829
17511517,137081
17585638,134280
17869543,121340
17874296,24856
17934906,139084
17967539,30320
18786844,130965
18813129,159598
19020735,136004
19098074,32946
19887949,30013
20051858,61791
20990986,45853
21039129,45421
21170431,61361
21174069,160146
21200258,17357
21245933,73900
21312095,68150
21566579,109658
21568556,51027
21610797,95794
21724538,101392
21853228,24350
22279309,8867
22332847,32530
22825584,11867
23041182,105614
23185828,77514
23652619,27443
23846560,94776
23905953,67516
24011816,145524
24151160,79178
24253013,50779
24253013,131306
24264667,131780
24344157,132140
24360529,132460
24536049,151953
24741522,56272
25077936,147131
25255373,6385
25268549,49394
25487617,68100
26445219,45933
26759555,68097
27152488,97104
27226299,47665
27240317,95189
27683975,59546
28068982,34289
28137141,110200
28137285,107455
28187091,134437
28256032,29618
28321323,126855
28328559,47166
28503266,15462
28915139,135642
28922470,30272
29064979,157493
29179405,105468
29229903,41129
29236951,65672
29249474,154962
29249475,122729
29249474,154962
29249475,122729
29309924,139027
29678634,44628
29816916,54864
29903026,62175
29911676,28949
29973482,139072
30007002,10638
30077667,104476
30134412,146047
30428709,137516
30429454,22421
30435955,128526
30569670,100397
30573041,7438
30670128,43197
30758135,27047
30759609,20044
30772606,110688
30934770,146953
31128118,134756
31154144,116424
31191446,61130
31470609,82750
31487270,21038
31488573,11267
31499953,88253
31885157,30017
32051250,98567
32477518,66170
33458517,125711
33778669,56695
33943302,26567
33948635,113489
33962174,109873
34331574,65308
34704289,55717
34741968,111371
34986205,13476
46400957,128681
46723319,105024
46864398,102657
46865457,69797
46918098,61553
46960483,102617
47094222,61102
47146337,118564
47177269,109654
47291549,51878
47416430,95760
47446303,47828
47455368,135559
47455370,58494
47504412,127404
48173152,142515
48643650,46177
48783180,12195
48827136,111187
48919473,85296
48987074,140219
49003899,33645
49358864,91070
49499212,68946
49532784,146820
49889553,117500
50021944,157652
50481231,65928
50512622,5171
50572103,58481
51089741,55769
51135074,75385
51185231,83110
51239980,104425
51287782,60808
53127845,131811
53204274,3664
53320170,26126
53414241,155121
53436974,78069
53537857,14768
53544099,64661
53557255,19565
53691476,59843
54138785,134323
54244919,159430
54382841,75131
54784814,112679
54811219,110791
54962539,112477
54966359,145513
54971905,64028
55131803,87703
55309398,138534
55364490,20057
55365959,30290
55430109,7755
55542753,69252
55866487,10329
55873180,51010
56225362,61230
56356093,44942
56388916,82725
56666137,81389
56778938,120951
56907247,142653
56936457,54707
56952431,49106
56957797,10335
57137532,86134
57219993,96165
57220250,126470
57220255,118160
57333812,113763
57334483,43605
57334487,84518
57334488,31991
57334483,43605
57334487,84479
57334488,30546
57334485,146767
57334488,30546
57334486,92606
57334483,43605
57334487,154793
57334483,43605
57334486,43041
57334488,116953
57334485,146767
57334486,160114
57334488,116953
57334483,43605
57334485,146767
57334486,92606
57334483,43605
57334489,58050
57334492,104231
57334483,43605
57334486,43041
57334492,104231
57334485,146767
57334486,160114
57334492,104231
57334483,43605
57334487,84518
57334491,140889
57334489,136361
57334491,140889
57334489,136361
57334491,140889
57334491,50003
57334483,43605
57334487,84479
57334488,30544
57334489,55708
57334491,50003
57334485,146767
57334488,30544
57334489,55708
57334491,50003
57334489,136434
57334486,92606
57334489,136434
57334483,43605
57334487,154793
57334488,31976
57334483,43605
57334486,43041
57334485,146767
57334486,160114
57334483,43605
57334485,146767
57334486,92606
57334483,43605
57334492,143264
57334488,31973
57334489,58047
57334492,143264
57334488,31973
57334489,58047
57334492,143264
57334483,43605
57334486,43041
57334485,146767
57334486,160114
57334483,43605
57334487,84518
57334488,31991
57334483,43605
57334487,84479
57334488,30546
57334485,146767
57334488,30546
57334486,92606
57334483,43605
57334487,154793
57334483,43605
57334486,43041
57334488,116953
57334485,146767
57334486,160114
57334488,116953
57334483,43605
57334485,146767
57334486,92606
57334483,43605
57334489,58050
57334483,43605
57334486,43041
57334485,146767
57334486,160114
57334483,43605
57334487,84518
57334489,136361
57334483,43605
57334487,84479
57334488,30544
57334489,55708
57334485,146767
57334488,30544
57334489,55708
57334489,136434
57334486,92606
57334489,136434
57334483,43605
57334487,154793
57334488,31976
57334483,43605
57334486,43041
57334485,146767
57334486,160114
57334483,43605
57334485,146767
57334486,92606
57334483,43605
57334488,31973
57334489,58047
57334488,31973
57334489,58047
57334483,43605
57334486,43041
57334485,146767
57334486,160114
57334483,43605
57334487,84518
57334488,31991
57334483,43605
57334487,84479
57334488,30546
57334485,146767
57334488,30546
57334486,92606
57334483,43605
57334487,154793
57334483,43605
57334486,43041
57334488,116953
57334485,146767
57334486,160114
57334488,116953
57334483,43605
57334485,146767
57334486,92606
57334483,43605
57334489,58050
57334492,104231
57334483,43605
57334486,43041
57334492,104231
57334485,146767
57334486,160114
57334492,104231
57334483,43605
57334487,84518
57334491,140889
57334489,136361
57334491,140889
57334489,136361
57334491,140889
57334491,50003
57334483,43605
57334487,84479
57334488,30544
57334489,55708
57334491,50003
57334485,146767
57334488,30544
57334489,55708
57334491,50003
57334489,136434
57334486,92606
57334489,136434
57334483,43605
57334487,154793
57334488,31976
57334483,43605
57334486,43041
57334485,146767
57334486,160114
57334483,43605
57334485,146767
57334486,92606
57334483,43605
57334492,143264
57334488,31973
57334489,58047
57334492,143264
57334488,31973
57334489,58047
57334492,143264
57334483,43605
57334486,43041
57334485,146767
57334486,160114
57334483,43605
57334487,84518
57334488,31991
57334483,43605
57334487,84479
57334488,30546
57334485,146767
57334488,30546
57334486,92606
57334483,43605
57334487,154793
57334483,43605
57334486,43041
57334488,116953
57334485,146767
57334486,160114
57334488,116953
57334483,43605
57334485,146767
57334486,92606
57334483,43605
57334489,58050
57334483,43605
57334486,43041
57334485,146767
57334486,160114
57334483,43605
57334487,84518
57334489,136361
57334483,43605
57334487,84479
57334488,30544
57334489,55708
57334485,146767
57334488,30544
57334489,55708
57334489,136434
57334486,92606
57334489,136434
57334483,43605
57334487,154793
57334488,31976
57334483,43605
57334486,43041
57334485,146767
57334486,160114
57334483,43605
57334485,146767
57334486,92606
57334483,43605
57334488,31973
57334489,58047
57334488,31973
57334489,58047
57334483,43605
57334486,43041
57334485,146767
57334486,160114
57462647,48366
57726979,104680
58060212,58570
58060226,139853
58149336,111433
58163098,59175
58293478,155981
58431494,79398
58574741,46392
58685159,48037
58754453,67795
58802279,111324
59599068,75385
59920562,92396
60027194,116100
60030157,46513
60171313,65845
60235664,127566
60322505,118390
60351274,76251
60351276,26447
60819925,49400
60960717,48926
61010168,48477
61380707,45773
61486580,13342
61614423,8086
61689476,24162
61867907,79744
61867908,14415
62349276,107436
62349284,137083
62487804,132131
63355101,80773
63794361,120129
63928345,141562
63962420,45423
64024036,119400
64621028,111585
65157059,33585
65420564,45643
65539738,105223
65551282,54447
65577923,146977
65677916,67361
65876732,46191
66245790,735
66320627,143983
66503743,110291
66540745,132568
66586381,137892
66609887,67482
66685770,45746
66914585,64107
66934725,38329
66987627,43010
66987627,126084
67063321,157559
67233760,10409
67260633,160684
67260634,88146
67515722,134989
67572191,63009
67875771,133386
67906637,106611
68003479,140389
68032134,116492
68057171,154855
68057782,156238
68057791,144541
68104879,68586
68269392,52151
68269836,10318
68279495,121284
68344563,49262
68403664,46609
68560748,93890
68573854,131202
68651335,60707
68676466,64781
68771280,96900
69092101,47149
69148518,117476
69154257,97706
69360485,146352
69516244,73241
69791950,51149
69893791,28959
69971697,5353
70232214,139575
70323418,75797
70380069,74036
70381273,159171
70472882,31878
70501160,61262
70624356,66667
70653182,50740
70691841,81956
70747225,15584
70748602,72208
70750646,99010
71302635,47443
71436543,23126
71443218,46045
71460425,10513
71841987,111586
71928230,84077
72047757,47711
72110877,6201
72132227,138114
72410944,44977
72698844,95716
72850306,134238
72965309,18803
72969087,28630
73070615,110439
73267128,7208
73353333,65286
73539236,127046
73756180,64432
73800260,68084
73800260,68086
73800260,68087
73885100,85297
73928420,108640
74011808,142153
74121765,151089
74575553,104351
74625942,22245
74665650,64653
75289883,54221
75465402,50724
75571266,129746
75589584,146755
75834648,54678
76039507,1280
76116450,72282
76351508,156647
76517038,132475
76742407,38081
76895630,107549
76933385,60010
77012496,40612
77111468,3203
77165812,17920
77227204,80962
77270165,118922
77324455,49353
77583543,127046
77781761,107727
77822421,16277
77822806,152326
77835681,149225
77951564,61918
78051042,114542
78133885,118573
78135415,137819
78293519,112413
78402680,154420
78486115,131857
78555789,130110
78639995,149282
78829736,40390
78835820,14683
78917183,108066
79011600,34524
79128510,74513
79177218,136532
79443791,63427
79451748,2987
79554246,19017
79616672,149818
79640058,155765
79695127,62403
79755258,114362
79806000,96485
79936790,159901
79951741,104518
80086365,67802
80250357,71601
80430731,12868
80572814,20099
80619324,66076
80700321,115083
81123374,14282
81129653,57988
81350398,93406
81367363,71976
81421680,145082
81422923,139491
81422925,25549
81477711,62968
81484463,101314
81599366,88599
81678910,158364
81716888,86038
81914588,125023
81962232,95644
82059573,72774
82171821,151541
82540180,144312
82596589,44463
82646850,62280
82706793,146625
82867995,144499
82878032,141491
82979082,137753
83046889,102996
83407085,142346
83520203,73625
83983122,149644
84054279,143066
84086209,102774
84149846,142991
84178873,49215
84193826,37625
84225000,14628
84460479,143159
84516730,129059
84556201,60277
84583003,90396
84629270,6674
84681813,102140
84719999,137587
84733501,106349
84736775,132620
84794898,145720
85015357,108694
85061197,139856
85109720,4112
85109721,21628
85109720,4017
85109721,21403
85109720,4112
85109721,21628
85109720,4017
85109721,21403
85109720,4112
85109721,21628
85109720,4017
85109721,21403
85109720,4112
85109721,21628
85109720,4017
85109721,21403
85128641,107882
85182844,120850
85329575,111775
85344021,143759
85407189,88432
85427669,39226
85433299,22167
85454464,11869
85510683,65410
85521268,109724
85587133,11031
85596028,73987
85648854,113051
85680972,141484
85758336,140924
85813164,98046
85848674,63904
85931848,84313
85932161,85258
85932256,4874
85954895,147919
85957377,72015
85981932,145106
85991778,33680
86100565,125979
86114932,90583
86184543,53695
86203972,120135
86214194,161045
86283098,71337
86347167,157996
86371534,82855
86470394,127940
86477673,54755
86514162,64477
86546788,577
86555022,90543
86587647,65850
86588622,65614
86589162,90130
86598834,45329
86600931,113629
86644005,77833
86662491,158585
86741269,138716
86819637,110839
86967075,131492
87024333,141163
87174703,21911
87232485,93882
87243423,47657
87271746,98117
87438178,48417
87457157,108053
87519578,38563
87616240,155413
87620762,51821
87637060,135492
87658108,126825
87676139,22891
87736897,137011
87761314,156583
87796591,126957
87812903,42943
87877311,100088
87986100,42958
88042738,79013
88051914,72482
88142704,65779
88155502,147674
88164934,72224
88185876,1074
88239245,143953
88268369,3695
88292915,102801
88292915,102802
88310272,90161
88310291,52259
88310894,52845
88380689,133308
88472548,19194
88472551,46954
88578167,141040
88593041,21746
88600954,19124
88798902,21670
88844052,51248
88870044,145083
88870707,130895
88878434,84068
88878659,117524
88901660,41382
88966510,11026
89006376,111586
89006380,110819
89107611,51216
89111125,91935
89146149,3090
89174364,93838
89215677,94819
89244773,23264
89314553,43152
89334305,34609
89394703,132357
89442360,44082
89490397,63111
89588920,136503
89593361,109139
89603796,102516
89724948,56444
89753081,69134
89764340,36090
89788103,24259
89839406,42283
89866159,7373
89940800,107735
89966694,48331
89966698,31160
89999854,19171
90033367,16657

