Multi-EDSM starting...

Preprocessing starting...
1. Shift-And
2. Pos2Pat
3. SuffixTree
4. OccVector
Preproccessing 161565 patterns of total size M=1937789 completed in 16.5s.

Searching...
No. determinate bases (f): 242308721
No. degenerate bases (F): 14095387
No. determinate segments (d): 6080462
No. degenerate segments (D): 6440404
No. strings processed shorter than pattern (N'): 14511963
Multi-EDSM total processing time: 36571.2s.

1335 matches found!

Position,PatternId
------------------
714142,1588
763095,137266
780434,63099
780434,63100
862775,152140
871214,156713
894214,128656
894796,41053
934593,58289
949437,90422
1029588,134488
1147472,93767
1149396,65279
1165348,84412
1182051,4824
1204442,63598
1227516,21890
1232045,86298
1254776,156945
1257817,52863
1263121,5851
1325818,18491
1376076,120381
1406923,41304
1457868,42640
1510047,47146
1524212,20642
1549277,131288
1638186,19911
1646203,139939
1651895,108403
1810069,144577
1821628,134204
1850936,93096
1893502,107247
1920909,41096
1960604,97337
1982545,3359
2045490,158821
2058793,63542
2116519,118356
2162137,73845
2169366,63577
2203032,137905
2230198,150901
2245812,145876
2323708,105912
2343430,160152
2381629,112208
2398943,130996
2434355,133209
2820163,128803
2820170,49919
2920603,26573
3114701,99102
3201582,121011
3239802,107882
3281506,5886
3325379,135612
3343729,145082
3361171,129462
3367734,91287
3367736,10236
3495540,125901
3566630,54459
3566636,116645
3566638,25062
3588060,18723
3619938,112243
3621748,7673
3645988,111261
3652774,4201
3672047,131906
3746296,8163
3773920,84395
3789788,107860
3808227,104856
4169529,63514
4321449,143547
4384330,46364
4391184,56843
4483446,155187
4660444,50205
4714086,61313
4714088,1061
4714338,81764
4714925,132991
4793717,48834
4824920,51164
4831657,93084
4941060,138627
5170711,85341
5479260,68124
5484382,51387
5800989,112801
5817484,78145
5927125,86169
5981268,58742
6051909,15790
6063817,71409
6080284,36565
6096064,19229
6193635,70828
6213288,20976
6268993,151476
6269004,88855
6269031,106425
6340034,157505
6453058,52922
6453529,45406
6453622,31884
6458760,1588
6464863,21958
6485226,28192
6521573,58297
6557019,44618
6663648,32433
6674246,3255
6680327,80026
7211252,43620
7288734,155218
7294818,140136
7295930,106989
7522872,48377
7551965,19843
7570402,146515
8014578,71578
8040534,72950
8147161,84313
8227132,55493
8373073,65887
8418859,120545
8738636,97030
8865847,14594
9023101,87004
9318738,72569
9362674,122055
9390870,131313
9427663,102200
9658535,83048
9857812,49627
10027294,139253
10092985,47100
10439931,89414
10479429,104599
10490269,147327
10802460,63492
10821842,139868
11013798,67260
11035864,9566
11053458,64454
11172947,13759
11242855,8457
11501481,24939
11675035,117196
11708960,142123
11718180,149148
11718858,123009
11741164,3988
11745434,3064
11938274,61423
11958778,89201
11965896,67436
11986499,121080
12008910,5268
12040322,62886
12216484,64439
12571013,143530
12613280,2107
12655965,108762
12678126,60719
12849155,131270
13794813,89986
13942380,4862
14070378,15924
14308268,138366
14515900,68160
14594144,65915
14839759,78203
14850247,109418
14925229,120163
15026608,59749
15111406,19172
15196395,66615
15508879,155299
15573740,99300
15573960,134330
15707954,35667
15743616,18392
15861199,1175
15910002,124209
15931084,136698
16051744,63796
16162564,1788
16288947,157544
16533816,65665
16694572,73137
16823429,98846
16875932,86583
16897207,85755
17033871,84969
17294756,10623
17303619,141232
17568256,45586
17674495,65327
17675660,93893
17764736,99355
17770045,141158
17781533,89617
17792199,7625
18010449,160410
18026735,53401
18095575,49095
18120874,51407
18238318,101431
18248307,109224
18252123,43918
18357009,11107
18516212,45555
18617644,147367
19018404,2950
19025833,78129
19256190,7362
19282600,121568
19669543,64514
19721582,112995
19810846,56027
20395713,48405
20478860,100075
20522084,151104
20635744,78403
20662987,121543
20669848,109709
20811225,117490
20992757,119321
21023076,120394
21538785,158961
21573430,52119
21588369,93661
21713758,56666
21936761,88883
21978954,159634
21995184,123967
21995190,136995
22048226,133877
22068267,18391
22109369,36598
22140963,109541
22216973,67438
22614579,138542
22850296,88477
22920818,155114
23054763,131874
23218071,41572
23495280,44534
23586616,142818
23964094,156999
24018998,93183
24470365,61633
24551056,133275
24742909,156478
24806714,140689
24816843,30947
24821730,54735
24979028,3278
25314913,19171
25456044,135746
25573065,14582
25663299,5301
25756461,96333
25756729,40387
26146915,70834
26183567,71771
26280430,11881
26551741,71780
26560513,81892
26606423,152675
26737989,72112
26797996,91909
26798830,20871
27178208,80249
27208323,140544
27254245,72480
27337654,88931
27337657,126773
27364242,91209
27480665,14055
27851798,68406
27970004,87278
27991358,82979
28529599,51062
28695181,50969
28879419,116977
28944423,138031
29063764,113821
29117783,11090
29138838,23007
29141092,130047
29194817,75080
29214299,34788
29558709,51777
29783393,51737
29851702,643
30436851,128435
30463394,3107
30815688,139781
30948058,44208
30998106,53457
31035352,160315
31444542,14155
31449659,44852
32115632,87401
32181446,127681
32197577,132357
32497792,101988
32666141,132425
32670852,89579
32706009,102390
32707032,82780
32822799,130245
33101332,85567
33115897,111684
33207835,59223
33352332,152997
33366855,152358
33495755,94779
33579813,22966
33646222,30106
33896295,85468
33902041,102874
34091601,51640
34385366,56210
34521615,142494
34778592,102779
35331644,76983
35360770,50412
35442643,66705
35442935,5302
35553977,145775
36038951,111131
36183288,64910
36321646,77033
36397874,95559
36438031,101226
36689481,124862
36914281,45251
36921822,97977
37041367,4725
37075998,14739
37306548,14574
37797029,78666
37947265,17859
38022351,23697
38184518,138120
38219746,66911
38511762,53023
38512647,89918
38518338,86190
38655049,52886
38720673,70058
38958662,72801
39174525,120778
39188423,78565
39269745,37775
39324622,45595
39426078,70824
39576465,47761
39709987,130314
39889730,130962
39957597,160058
40194067,13759
40371047,13065
40420216,150273
40506293,80832
40506566,117553
40553255,108554
40723830,64608
40763141,90588
41028041,45162
41284302,106264
41288832,93634
41327397,33691
41461992,145708
41895272,89664
41962102,75523
42628781,140344
42716034,38727
42800831,113714
42800957,111327
42801024,82689
42921763,37949
42922208,20648
42922257,139078
43124054,46600
43155012,72870
43232510,55435
43309565,66383
43312015,135263
43423368,23536
43805066,21239
43825216,46279
43945369,52437
44115979,102422
44172694,146977
44455242,52590
44488036,61198
44569652,86810
44584526,134085
44618784,33061
44841256,88697
44871980,135955
44877751,66011
45190439,61935
45240400,67528
45241162,156413
45252225,141640
45472089,26517
45805809,11949
46028657,45564
46064152,71153
46068543,51580
46088542,1270
46088759,108503
46152153,93964
46222869,61423
46632902,54506
46656963,129042
46775933,50062
46839779,51844
46955510,84736
47153801,102084
47228623,87415
47651447,153482
47696580,100799
47799728,3968
47904210,75417
47905326,91367
48048930,73675
48141776,123999
48143289,21396
48175405,24546
48175984,45402
48190912,108089
48430387,7757
48777603,81090
48963907,45169
50142473,62731
50253254,142863
50388731,60263
50489580,52242
51113157,52828
51274040,58320
51654909,15770
51693840,94530
52084035,14215
52489631,51094
52999727,3420
53068224,131291
53164007,158443
53370441,18344
53449709,143514
53640595,93280
53742722,113726
53826841,45866
53905149,84441
53967318,36466
54038804,64729
54304239,35327
54355908,127041
54447227,115112
54619328,53283
54712238,157508
54844375,73999
54870041,156885
54871358,109835
54872086,151734
55181975,1627
55277787,98511
55605874,131671
55782830,45114
56587583,7948
56644146,22144
56943408,132734
57058942,18990
57246725,160532
57376520,55178
57618853,66722
57888212,139460
57900294,59077
58360879,80327
58716381,33250
59042401,83837
59165409,11039
59280746,11655
59314811,31750
59415689,42349
59788880,133424
60442628,74522
60518714,67492
60749655,35882
60957034,114753
61333725,113077
61411978,64529
61458882,68810
61482650,67392
61546651,143712
61596364,58680
61632955,68431
61688017,146424
61946762,62331
61959390,121920
61993077,56252
62198753,65358
62367580,4021
62400564,88823
62744868,10919
62908093,72707
63020736,130502
63169892,154883
63225922,131525
63370016,5189
63467166,31801
63784488,30971
63785493,53477
63785546,31863
63785710,33231
63788101,49280
64100514,61520
64387205,147211
64485583,106581
64740505,140869
64993114,59975
65063643,62597
65431856,75469
65468436,23195
65950293,19708
65971923,97519
67143646,96491
67396068,45880
67896242,88309
68151642,148355
68512856,71797
68962815,157900
69355182,54030
69779049,105920
70233745,109312
70671312,123972
70687005,43575
70819991,66527
71400761,49854
73253486,45338
74191415,1959
74357420,114300
74702261,72106
74831037,108052
75146884,125055
75316125,73632
75596652,29714
75601420,135713
76080463,152774
76080468,25639
76188839,3984
76189744,62317
76190065,4431
76191498,143803
77320362,131003
78193678,139122
78305415,69798
78444798,160884
79147974,161432
79215250,45688
79449863,141689
79614168,109167
79681577,12337
79844326,63110
80145499,158342
81188157,69531
81210561,13051
81591663,61318
81836876,9634
81841638,65325
81892672,13358
81910290,72953
82010684,63916
82267491,155168
82603042,140585
82776362,26101
82776362,26102
83444273,51609
83947371,33350
84505847,68589
84543735,46243
84686425,143481
84730367,109479
84790100,78118
84969098,1151
85238972,107013
85357216,74495
85358777,113675
85514042,72947
85741405,80638
85756054,127119
85790070,148464
86260698,142900
86875340,132684
87233203,52868
87380506,124277
87979022,76050
88087833,33160
88401857,126162
88564247,136287
88950735,106830
89094061,52114
89458595,102800
89459512,135381
89755467,150320
89759930,61444
90094254,83297
90666526,52513
90871659,8425
90920238,67569
90960678,49468
90973084,139027
91036439,129327
91084928,64882
91183464,26740
91184967,161417
91255748,2134
91960714,52566
91966523,19979
92353065,26088
92376711,41845
92616681,138769
92721392,46712
93252606,159606
93297567,38882
93427005,3151
93474729,16464
93548638,14873
93811224,67727
94063830,52404
94146801,42662
94697045,66247
94713484,40497
94713485,72253
95075379,104963
95089725,80961
95109586,138684
95144344,68959
95182247,130355
95392246,6134
95838156,40277
96076368,55691
96335683,61074
96500396,61033
96997509,133169
97142454,93031
97548593,146191
97602018,126089
97793745,52497
98511463,43573
98536505,140740
99127538,157789
99673714,8258
100436110,85441
100494242,128158
101097909,1616
101290874,45176
101290879,133786
101520741,142363
101632586,106414
102137086,37731
103252910,73682
103642862,103094
104591590,132728
105099283,47406
105236254,108036
105236253,91481
105236255,104221
105236253,88288
105236253,161520
105236254,94186
105236257,12634
105415215,58426
105864925,15331
105981716,62533
106148047,159105
106515889,44223
107246355,123176
107348399,151290
107483381,20226
107587237,126767
108113039,55152
108604342,25034
108742414,70183
109370776,138040
109584120,45482
109633345,12984
109642881,58946
109823813,49127
110162885,111428
110298687,102815
110378419,90206
110527262,42860
110607343,65491
110612375,94868
110703185,136554
110950205,31481
110950342,61514
111010603,8877
111027470,61143
111107614,132357
111633149,146939
112298547,136444
112389262,51385
112407918,133543
112460573,64515
112604712,68904
112876479,51033
113193330,33680
113257763,63286
113745071,72750
114106347,83717
114268124,93822
114354866,142847
114447808,129969
114697187,91805
115119342,141724
115300695,7181
115397456,55070
115397906,81543
115690385,61298
116334383,137468
116380544,67743
116381577,46364
117077053,63880
117113668,149139
117196460,145797
117210819,41623
117484591,95072
117618377,50327
118228238,49122
118579427,141980
118785016,42020
119228511,8706
119522572,29543
119525379,139305
120190550,10590
120192076,140313
120434224,40579
121429865,136374
142598828,12031
142630849,20446
142887837,124125
143161462,63315
143243348,90310
143462918,154116
143938408,95021
145209834,82163
145378948,157203
145470520,130192
145585111,41596
145597530,142403
145699213,16803
145815512,52589
146643487,56912
146696434,158775
147142287,131519
147400744,3473
147400956,121106
147754592,127220
147774870,23310
147781638,92005
148000344,18990
148210272,152689
149137974,72995
149156208,61463
149223886,134501
149284553,53142
149326326,1028
149326327,99342
149399191,93606
149399194,29667
149684482,99139
149764416,84144
149937613,54025
150032550,63902
150336626,30500
150529196,49872
150605383,114782
150746293,55933
151118666,51081
151138593,126977
151260435,22313
151433369,52901
151471194,127111
151533942,80977
151706860,130366
151763384,4435
151811036,110229
152190024,62489
152390756,136642
152516501,150289
152640207,102423
152681889,78999
152681888,91427
153279559,107779
153615776,83154
153643376,97859
153643507,110477
153699510,83689
153724788,26111
153756967,141848
153762474,52156
154125255,151314
154474898,51160
154580478,88868
154681615,34752
154856816,3056
154879556,68422
154880447,36969
155030567,60077
155044477,131949
155151503,102722
155213737,129053
155214302,41818
155254479,106251
155523299,97142
155557156,72910
155638935,153336
155719238,66084
155829416,133159
155874166,80911
156183441,94084
156611952,18060
156613649,95417
156695503,147547
156698275,56383
156875132,75778
157015523,62376
157107671,153936
157108848,70615
157139635,65881
157163677,88894
157322582,136821
157522334,61907
157704826,125552
158087307,18997
158119775,43941
158285342,51607
158494316,66398
158513254,13758
158973396,55655
159154477,120645
159448142,43013
159899472,43569
160001389,51219
160149969,57911
160254965,145799
160384518,141999
160650567,139831
160749879,95265
161016169,159591
161068804,10231
161136046,64354
161136068,85875
161136070,62706
161147193,22552
161369351,9833
161442477,98399
161493404,24672
161591489,86466
161697518,80850
161861317,159525
162531683,70063
162735249,62342
162758942,147511
162826873,74206
163113018,73163
163160414,46139
163719101,153136
164700893,51716
164818852,49708
165250143,111362
165333914,129861
166136321,33311
166161902,68320
166781101,129137
166909464,58428
166917216,111630
166958224,65849
166958600,88823
167066001,114006
167090694,35681
167143065,61177
167315876,158439
167415494,66888
167495633,83584
167599764,149972
168108099,4278
168115910,88625
168383394,23889
168744970,73038
169041164,65896
169337028,100419
169429787,100081
169457183,84435
169663823,43540
169679908,86257
169764045,105150
169765042,138448
170012421,141665
170043490,23681
170583758,68879
170620342,65306
170638524,23811
170886227,65328
171265627,155688
171750784,34739
171810906,84113
171856494,146335
172284220,160231
172502657,54917
173446596,148154
173684341,68821
173793790,120814
174372917,97947
175003640,129367
175049155,71372
175316215,62036
175355412,105084
175664119,42338
175885745,130770
175891249,38720
175963144,145146
176284749,71526
176842053,122656
177285498,45367
177717336,142041
178072270,143504
178363015,44694
178460338,154098
178531774,127195
178694498,67713
179009378,141427
179124433,129561
179217052,103221
179912963,53087
180085500,51166
180239632,101552
180678357,62453
181057461,119750
181057853,3985
181313446,91878
181442273,79693
181803867,72112
182166402,139278
182332801,127346
182427676,114711
182527065,833
183023646,62349
183280139,136408
183386464,26668
183520438,130442
183576559,141717
183612966,28088
184359188,64157
184377009,147124
184472671,119327
184472671,119328
184569547,88686
184584027,29650
184892418,58955
184893397,62257
185014394,68671
185127503,15166
185285544,100015
185345236,19577
186081964,11874
186125189,67500
186264682,109270
186313602,47499
186344817,157007
186932770,63661
187041021,141049
188051703,64109
188134286,1324
188416319,61386
188563087,127501
188842044,151022
188965342,72111
189075268,70691
189455234,68895
189491737,49480
189638285,133476
189800346,44977
189915023,62196
189926472,72867
190241023,149868
190464387,48213
190768381,49792
191129049,62279
191316270,152060
191544784,97530
191733099,66677
191844858,9229
191914599,141820
192804247,94844
193097159,97835
193169775,145808
193630253,104009
193856605,85742
195129772,77700
195907160,75280
196620433,130132
196893395,137791
197271077,69353
197322705,113811
197467254,13827
197744013,137137
198222183,23052
198229714,66589
198301775,150019
198553260,114788
198774822,96674
198790943,124427
199405622,62276
199481404,3097
199665875,49135
199768279,139412
199895440,145805
199998319,60290
200004585,107316
200124067,147344
200182660,110930
200301548,144408
200428075,138985
200543070,55602
200880878,26345
200885796,135882
201000098,43680
201183501,132045
201272192,7631
201368673,89772
201369653,105866
201437043,114348
201521888,17743
201617771,6499
202113845,132882
202245619,20029
202715909,14415
202908902,49974
202977012,54331
202995636,52404
202995849,71538
203068532,85630
203140607,109192
203236999,17673
203237002,158872
203240302,74700
203424271,74804
203485557,3123
203598850,26249
203765353,93427
203789806,1910
204332471,150411
204438037,102760
204535106,63669
204632992,132047
204655027,99830
204663376,155318
204807658,159755
204891957,88621
204911163,69870
204966537,45393
204975979,161265
205091097,5891
205210826,59446
205226222,33609
205254533,57416
205290743,117351
205425480,141143
205494768,67148
205601147,143151
205601269,123902
205784336,142737
206234032,47578
206317772,69956
206679599,111800
206899114,140352
207006140,147218
207023472,50946
207226656,92937
207226662,117598
207381290,50309
207830057,134882
207860416,107511
207891457,130393
207992556,153354
208132684,134299
208314510,51746
208602797,19238
209131920,135919
209701541,68170
210062465,110220
210359947,115097
210466046,29790
210478964,138118
210611201,9232
210887329,114487
210887330,50463
211380959,3441
211440472,52854
211500272,126103
211565225,114316
211643651,140115
211652736,120618
211878976,51875
212731674,141638
212782585,24888
213028482,69361
213946328,161528
214398186,55006
214588026,15062
214724686,91808
214776836,47469
215286458,24261
215810489,48995
215813972,39755
215940436,42505
216260092,12205
216385160,50761
216656617,149857
217173018,73606
217517461,118612
218035831,16886
218278397,69297
218329985,61333
218388032,151101
218447418,45306
218518554,80707
218525166,78885
218578874,108600
218767303,126773
218975144,72116
219191173,62445
219646270,77980
219978375,24233
220183828,131877
220526746,128423
220583500,10185
220590314,41367
220635620,64878
220721207,136628
220864328,31965
220992334,148316
221065578,155059
221621274,39358
221669922,116535
221916080,25351
222644079,10641
222837437,130799
223523662,158988
223651418,17280
223813484,124310
223919418,88602
223954865,50053
224070645,50016
224180640,134979
224292091,126961
224437964,57958
224545102,67486
224645862,8168
225754896,61388
225881005,152640
225888000,78477
225909975,63623
225965580,19358
226039820,47827
226129439,140517
226251381,120270
226552726,136237
226570804,101978
226603150,52866
226611993,133601
226682306,12389
226814704,104785
226983172,97104
227079591,7522
227172414,44878
227306412,29220
227950325,54712
228156767,72020
228196378,69251
228219176,42646
228291128,56256
228494381,10330
228601516,140050
228612645,77301
228612811,50972
228659063,124842
228675129,29362
228726897,40109
228871202,6893
228871800,136460
229555655,138583
229568697,6682
229678417,32077
229694421,46058
229798662,60566
230760045,71750
231115251,95419
231176134,152385
231335576,130002
231487306,80598
231531050,143648
231557941,115192
231978063,54171
232161034,63851
232317524,161456
232337337,10641
232506819,65860
232756444,131837
232941609,24302
233246668,46679
233690479,75385
234039905,160371
234091616,138769
234369341,61085
234452398,128389
234680075,72022
234744328,90329
234745065,53085
234746632,84048
234860801,87353
234980724,151956
235035719,120252
235079753,4695
235105795,134032
235179068,5368
235292379,137537
235295558,100193
235324030,52885
235326690,108211
235550447,97247
235767104,143811
235777556,51253
235812280,54005
235813867,92526
235817193,142085
235838768,50746
236135107,52975
236274464,35442
236675311,83593
236767370,55478
236833337,131074
236958171,58088
236958862,116655
237167748,71282
237205891,39509
237408117,107274
237816740,51281
238231986,97398
238624276,144511
238719030,151829
238864276,70823
239226348,63541
239550582,64474
239704619,73938
240049482,102482
240255230,117258
240779611,67485
240855125,136460
241156265,102091
241297900,4476
241375635,127104
241520530,89312
241706273,44499
241715384,142751
241804749,63795
241889313,97645
241908521,54073
242325252,85515
242398715,74851
242584846,98020
242787815,101659
243149022,73123
243179016,134377
243768961,130483
243768963,12460
243768961,130483
243768961,26759
243834603,7948
243932556,62365
244006183,65907
244014075,57988
244209495,114229
244389527,102143
244543315,122590
244762327,127455
244793885,138584
244814773,143873
244817080,45076
244998818,22659
245288492,5175
245318808,129175
245358970,144393
245496510,68753
245511588,37107
245628797,93256
245649588,76248
245753638,18919
246205821,44428
246362320,140108
246362325,130593
246451275,98439
246729682,24338
246830292,159624
246954620,17754
247106462,66108
247137822,38331
247262168,28419
247512134,8779
247544766,80190
247601115,8907
247978676,68048
248084835,96707
248084908,126957
248140948,115731
248300587,52325
248436610,131445
248661276,141397
248858843,68388
249101467,18348
249133209,44105
