Multi-EDSM starting...

Preprocessing starting...
1. Shift-And
2. Pos2Pat
3. SuffixTree
4. OccVector
Preproccessing 161565 patterns of total size M=1937789 completed in 11.92s.

Searching...
No. determinate bases (f): 184995696
No. degenerate bases (F): 12450101
No. determinate segments (d): 5389323
No. degenerate segments (D): 5707540
No. strings processed shorter than pattern (N'): 12924138
Multi-EDSM total processing time: 30283.7s.

975 matches found!

Position,PatternId
------------------
108083,63309
125127,39763
296851,139512
298784,153070
331176,116788
467691,66873
529444,85459
542917,98017
683009,140289
719798,150383
724474,32394
872330,1145
905693,44484
915757,64603
930407,137752
940686,24352
1006456,117656
1018246,100040
1107172,52440
1139622,20995
1139713,31717
1202704,56171
1204603,121932
1242908,138139
1244306,132526
1276485,133295
1330703,35914
1334797,124389
1395877,107880
1397349,123239
1409482,141733
1411369,51837
1508178,19064
1577871,103122
1585881,79549
1594017,139714
1600922,36024
1670672,51383
1685411,15650
1704203,105788
1758308,43643
1789054,132357
1815526,138141
1843323,26483
1857446,54944
1857787,57525
1994877,57058
1995178,64467
2011268,81114
2011965,90236
2042499,102856
2062826,104572
2093731,127647
2167320,146026
2243457,55562
2244331,63752
2370143,80209
2399466,53820
2467802,57301
2471136,119175
2560122,71474
2560173,2735
2693989,107730
2828996,35243
2839122,101062
3084752,146048
3117589,55700
3235605,90747
3255136,22187
3261302,127431
3294770,4457
3318823,34109
3332827,62077
3385497,149675
3471688,44389
3525822,113471
3768751,87164
3793871,152317
3811064,81755
3837932,10641
3957101,139763
3969259,140851
3993870,35464
4131303,61569
4152286,103221
4229332,19973
4242257,127709
4249494,66325
4249676,128682
4250685,21100
4479697,50786
4603608,157213
4858476,58200
4864298,44057
4867457,91234
4872011,56910
5053524,105920
5134934,72948
5375253,126485
5621978,76463
5674389,129869
5700372,43758
5874102,96476
5907588,73523
5967270,121368
6045899,102002
6157340,90992
6201883,4160
6224017,159731
6248407,2150
6323836,73965
6394232,52784
6477198,148123
6599988,76386
6641815,161549
6783044,128634
6910961,73366
7069179,133893
7072985,69563
7259200,14394
7531475,14114
7597613,47811
7720779,82116
7773026,27281
7814089,44033
7896159,6989
7940651,116556
8010823,152205
8011740,65332
8012177,10644
8032591,87803
8037067,108073
8089942,26817
8097510,134013
8119452,41602
8119456,22098
8160496,53015
8235105,107145
8271793,100925
8405358,27175
8429160,70087
8449779,70728
8493509,159636
8596433,117196
8747205,77207
8839122,108966
8863761,69322
8875719,57516
8893795,118613
8911872,6235
8917922,63447
8919350,151035
9092726,108741
9449834,2040
9464989,49048
9492842,20828
9513087,34896
9520477,136115
9586434,107794
9604909,61096
10019017,82642
10035724,15924
10055628,10259
10086772,35333
10087947,131670
10109748,156596
10118673,12893
10169180,51170
10427551,93470
10477833,73941
10492998,143089
10725305,35861
11074785,70096
11353419,147294
11430023,132194
12039557,61747
12958251,9632
13039845,72878
13529630,57302
13799046,52104
13950269,65308
13967206,127918
14021295,142325
14172557,44908
14347471,91459
14627505,127408
14652517,61555
15051680,69196
15057241,87015
15592463,40865
15653679,88811
15683271,81084
15780346,20554
16084003,27548
16236310,126722
16317845,102661
16451466,43659
16604667,112230
16960210,145900
17052320,146144
17354546,46149
17533195,112093
17563780,17222
17629871,741
17813023,89918
18177030,108358
18516745,126464
19530338,87011
19566394,161087
19862127,103780
20253135,139133
20432523,67967
20703442,122634
21102778,16369
21138832,75459
21378427,157996
21697738,62066
21866314,71634
22237807,29542
22932858,143316
23126878,4833
23321663,21626
23830897,128689
23865310,25677
24380993,73893
24474726,5885
24486540,73697
24550343,57449
24727023,145852
24731390,62359
24908263,140487
25427876,92573
25816318,62727
25818021,60188
26137371,6971
26137372,118728
26321619,55989
26323228,156702
26367348,107948
26527532,68606
26527672,51242
26534471,10210
27067767,68279
27385669,112107
27504804,146356
29122778,43538
29412189,63114
29939409,65578
31070268,128383
31846214,91346
31998435,134818
32060931,155695
32119026,53660
32506499,37328
33085694,71644
33244441,68020
33255771,43338
33303713,63311
33592869,63062
33785003,124590
33986865,64409
34231065,144971
34329018,132698
34426787,87943
34740636,20276
34987348,143437
35076264,456
35580591,11939
36192762,96880
36313684,47733
36376928,58098
36738922,159345
37271184,111135
37709900,134885
38288932,107882
38320564,145990
38664656,46093
39126136,5756
39172278,105600
39281567,157753
39336443,64226
39360152,57272
39448817,135438
39461188,132118
39482195,22861
39529713,17251
39543766,110375
39690488,66356
39744092,103553
40044853,152459
40360430,54992
40752069,8368
40884850,9460
40957603,48917
41021623,145123
41104123,147453
41259216,110504
41362658,35068
41603788,119930
41783992,61705
41869007,158288
41884061,26153
41900564,70985
41900565,86580
41937195,63178
41982124,130760
42102324,149282
42400358,61025
42658851,43989
42684902,88022
42685006,139093
43192978,9519
43281759,140319
43798510,55331
44243435,98682
44660672,36034
44728072,97044
45324168,52752
47034536,36835
47078655,131599
47465564,70219
47469644,61439
47684973,96871
47708446,51216
47795330,73668
47850320,81222
48466003,132545
48486221,135716
48492655,132487
48557735,71969
48599501,60957
48988520,26598
49290034,82971
49313819,98722
49321188,83861
49645367,35966
52743954,51462
53011292,7284
53167464,19121
53578362,106255
53588715,70518
53655168,69077
53728786,1700
53728834,154673
53824992,63854
54061846,156039
54229787,13364
54779180,12314
54847716,61437
54972197,132357
55021315,140294
55021352,17400
55083951,18274
55263178,139093
55272397,87190
55333339,69316
55956612,129790
55990948,90051
56005143,13357
56212559,56923
56412190,22706
56478517,139518
56544516,156376
56645003,151315
56679836,106776
56886948,148513
56984376,43731
57090013,13750
57253590,87240
57301085,113637
57302574,101981
57333710,62636
57333984,56518
57372360,155418
57458638,1658
57652123,83744
57676321,140934
57687660,147738
57687778,49521
57843055,26122
57843801,56184
57844865,129070
57974267,71684
58030433,69298
58472740,4279
58675431,131436
58790933,63422
58959455,142921
59357051,142319
60021598,153644
60129095,100929
60244554,48415
60514243,50328
61080571,43942
61490118,97389
61818075,75255
61972767,83333
62459268,62072
63257652,92214
63349057,45085
63440313,142117
64787990,58776
66337863,127226
66441124,66115
66459631,106702
66831170,49237
67427391,83127
67763701,55637
67972157,22897
68151316,78633
68675688,107845
69188496,93262
69340921,159536
69365539,17223
69873099,57486
70189037,53002
70202909,8346
70442360,76214
70442361,5183
71571212,118088
71657044,83716
71657388,160692
71724258,51802
71767955,60471
72142034,15080
72371507,100289
72816605,96858
72972568,51756
73322677,61362
74050601,100406
74404646,72130
74570112,118133
74718074,7873
74904736,37779
74965211,57425
75028095,123917
75640487,146590
75672411,6948
76435713,1395
76439713,124439
76439801,73410
76598896,157439
76650357,148263
77605630,56302
77610754,29363
77997235,65875
78113744,30624
78884239,146932
78977863,19736
78977865,45502
79054035,121550
79056981,140815
79462203,90758
79618447,66812
79752017,145614
79913315,138454
79980382,44740
80448353,68358
80846198,1704
81122698,24598
81124353,142493
81229783,43511
81368718,143037
81440820,156135
81444513,138855
81518331,62502
81519138,110583
82157407,48691
83381202,57881
83822175,70821
83898148,146197
83902785,126603
84006198,132402
84133147,87907
84192361,22842
84232449,61868
84406215,129311
84447982,139608
85101611,137497
85419272,76943
86280622,61830
86373289,60096
86440615,129758
86784827,68031
86922672,90631
87147926,67426
87221886,131711
87307397,51532
87516014,89427
87632456,65917
87793110,79499
87879209,123864
87928613,94712
87928614,1114
88421945,6581
88421941,8150
88421942,122117
88640176,143534
88890496,62244
88967872,109305
89019154,114584
89205493,16411
89300685,23037
89877377,67802
90074761,138147
90579203,138658
90600864,73996
90702631,145625
91169922,13353
91496769,142293
91572100,69418
91760226,30392
91964724,60057
92925299,51565
92934634,160842
92949394,60996
93392295,24029
93629762,51387
93878819,126716
94077216,88896
94174130,21352
94748188,74916
94751732,105117
94838974,56837
95256524,127776
95278871,139018
95372452,43205
95454028,146005
95623623,24145
95854420,74565
95883357,136614
96327793,110797
96369768,55488
96438297,134272
96458691,72730
96470253,116789
96470917,29085
96491974,55673
96711294,63557
96752413,71776
97244751,16823
97443139,65850
97903345,74199
98190013,62402
99020671,63869
99400038,53135
99400039,19643
99772733,52609
99816011,155985
99917142,120027
100443398,82609
100789322,104536
100868067,119570
100871380,125167
101101338,9586
101111865,28319
101111874,130321
101712409,143494
102150321,61442
102269415,98276
102366884,77315
102432374,130298
102467990,131318
102791829,45226
102845961,82278
102926791,49261
103222503,114278
103419231,10032
103423208,8346
103423229,98981
103500108,122531
103544440,95984
103749057,60968
103749158,127529
104874221,67131
104878050,121071
105415555,3088
105771635,158523
105983862,52734
106185285,146588
106263642,94524
106690390,148114
106690391,96728
106839397,136115
107030126,45697
107071372,95740
107238108,158977
107415819,157603
107514890,133927
107662253,67802
108312001,45738
109040162,150744
109345966,143060
109568794,73053
109662331,73462
109774586,106571
110267788,130400
110308213,67784
110624074,155508
110624714,40379
110991662,71776
111439012,130799
111539447,139711
111544525,102690
112133616,40440
112231103,72018
112552194,49447
112840495,110991
112854982,93572
113143955,112271
113152089,138769
113152635,9154
113431879,55962
113437102,28977
113586944,58973
114372112,156975
114682110,107222
114683831,118011
114840101,134957
115250078,8759
115972869,45251
116604664,72734
116618233,107820
116867051,72874
116964681,87633
117167477,7292
117494432,59089
117847470,35956
117921273,71504
117931320,73890
118006777,83093
118006833,8857
119156507,2287
119187102,63721
119274156,31667
119488520,132102
120061440,127504
120504194,155423
120895367,59489
120943798,125439
121477391,48411
121679595,131925
121795832,51635
122301577,121394
122346509,143504
122685877,139279
122744611,9670
122744614,108500
122791357,26086
122974028,19150
123259800,67969
123286164,83671
123360656,59878
123748821,158713
124121662,89805
124264558,144240
124296067,73971
124357211,35819
124415482,33691
124550703,62548
124744413,121641
125451972,70941
125663258,5490
126200505,15537
126236787,97428
126237859,19059
126637984,27096
126673432,10290
127012124,64605
127189668,150429
127212510,148716
128702901,35099
128877144,145764
128901758,119620
129208614,129901
129208884,109627
129209426,38866
129431325,147797
129731721,146793
129733186,10620
129831741,141542
129927741,66333
130014808,59143
130383012,108857
130442993,114794
130526286,64049
131514799,115600
131734090,52921
132290347,84893
132656202,29240
132658766,88736
132906916,86530
133416515,68085
133662446,60239
133756482,10692
133853279,158420
134089348,71253
134190562,50118
134298224,63670
134803062,130600
135607814,48153
135613413,66638
135638099,55870
136162266,67557
136604150,47024
136778785,4784
137124367,52695
137472922,23890
137631497,67260
138232478,66196
138476232,77435
138662750,126936
139331139,45502
139340126,70639
139667705,62006
139812220,77176
139836363,87827
139865705,59511
140036400,87052
140201337,20851
140223427,54016
140285101,78995
140476641,115415
140619629,67487
140983655,46385
141348811,74456
141421117,53465
141500610,117300
141565451,57941
142135625,65850
142437041,2329
142525467,70936
142558738,158971
142558746,137451
142592711,138135
142901155,13885
142959998,132084
143004905,52886
143747207,144583
143835305,9229
143862113,50033
144106010,127356
144258564,10644
144311271,146673
144435248,9746
144480573,56595
144480946,89934
144509671,84470
144658213,93165
145415580,29419
145535368,3370
145591347,28579
145641487,149337
145990123,127052
146019189,131924
146139094,48135
146403877,57771
146439718,154
146715241,159233
146728197,130843
147097355,120277
147576238,34952
148052630,35461
148758177,23219
149063477,45576
149119097,142876
149224948,68782
149895249,121159
150366010,1395
150999954,1973
151178252,26010
151319922,45013
151517975,127094
151519883,127757
151523995,64269
151938952,81185
151944043,102735
152246840,62164
152329671,148042
152468630,71683
152656994,63093
152780053,156609
152785951,94529
153526137,139621
153596578,116520
153856685,10857
153857506,29093
154171075,63918
154178830,130074
154266213,73267
154267100,57141
154386845,63721
154713548,55284
154752219,66770
154791520,62429
155412638,94910
155444757,56909
155665360,29431
155665970,23258
155676283,101390
155941427,88101
156588501,153920
156628583,12884
156741668,130817
157053345,64752
157554141,111962
158141076,66113
159049019,18829
159120675,131408
159264109,57415
159267103,122235
159352443,49999
159640512,62005
159689720,3828
159799877,56227
159802951,86045
160023862,118482
160071520,121561
160115490,48470
160544419,60068
160620617,95763
161682737,64999
161725680,50062
161985740,66236
162425599,64090
163090535,94289
163590302,9311
163859195,65896
163876327,73640
164081678,72688
164253033,57841
164253035,63478
164285823,89136
164740894,37260
164843353,13342
165501262,132703
165953377,116611
165953628,152900
166129303,62983
166129883,23125
166170346,155176
166248472,139604
166308110,155306
166453836,85878
167423159,93702
167476091,72664
167516120,48852
168204941,48598
168391258,61638
168577512,132453
169129585,77085
169799130,14260
169931451,39396
169981168,131636
170001179,21636
170190932,66269
170247072,152685
170541606,47175
170696460,59216
170711095,45095
171008708,52491
171914321,127219
172072396,105496
172411892,70003
172441799,106418
172658675,60096
172846035,9740
172955330,148542
172962997,141398
173016532,72135
173516502,130241
174066638,129730
174090210,31774
174091124,117107
174169007,96470
174290650,139693
174292080,38056
174341781,150318
174451966,95224
174469387,14180
174608600,128110
174941268,106270
175196386,122239
175276387,59489
175287634,40840
175737857,50062
176358982,52216
177031063,93417
177190328,42780
177547741,118956
177647459,112293
177699694,99713
177704359,81390
177738295,83448
178051567,51062
178151553,27068
178275934,76589
178349744,46291
178439371,91575
178478938,16681
178797346,41302
178890586,139642
179005435,108892
179088050,6737
179487646,62934
179752913,157232
179929563,11262
180403493,53251
180416305,138671
180772628,85987
180772630,63093
181018346,95253
181063105,58417
182138796,105496
182157380,90720
182194808,157196
182348396,130643
182397573,138900
182448232,128097
182509246,57443
182823631,99549
182878263,35128
183060985,136587
183266289,143759
183310760,52164
183366650,72254
183610850,111399
183635007,131396
183708218,141975
183725923,771
183818197,49803
183849768,122720
184040699,47609
184166915,61197
184320661,6375
184365364,150387
184644280,99514
184877364,29521
184918417,44342
184919849,68433
185044479,73652
185091035,49305
185402724,38490
185456231,112226
185485326,112210
185827244,54900
185859908,42166
186064441,154598
186130596,119275
186488553,138491
186508733,118732
186581704,95966
187209730,72102
187322748,65920
187356570,866
187472299,91174
187491218,116860
187542746,65876
187648245,106874
187941227,3050
187987302,124016
188020540,144819
188046537,70942
188454244,143182
188588986,54621
188762498,130444
188895398,84366
188929682,83118
189517215,83383
189583523,157726
190307876,28536
190512826,15358
190643201,3239
190862071,80623
190862072,107080

