Multi-EDSM starting...

Preprocessing starting...
1. Shift-And
2. Pos2Pat
3. SuffixTree
4. OccVector
Preproccessing 161565 patterns of total size M=1937789 completed in 11.94s.

Searching...
No. determinate bases (f): 165706655
No. degenerate bases (F): 11055077
No. determinate segments (d): 4719058
No. degenerate segments (D): 5001301
No. strings processed shorter than pattern (N'): 11306970
Multi-EDSM total processing time: 27127.1s.

1046 matches found!

Position,PatternId
------------------
292189,113363
378580,132291
433119,18461
447307,102152
475078,64213
475078,64214
518317,57845
571876,62804
656572,18210
715016,2675
818940,66853
955631,68948
987474,147286
1088974,20558
1252846,98773
1377853,33130
1379701,63166
1382208,139377
1578096,96682
1604017,75109
1759748,57358
2145999,68012
2449271,73054
2531182,80311
2580594,18253
2605817,135785
2928746,112662
2928747,46738
2971543,21372
3414638,122277
3423608,93316
3438481,55737
3456193,19116
3456554,112320
3573291,60114
3660011,140687
3752011,64504
3757971,36660
3758300,106273
3850207,52737
4044283,43609
4069103,131914
4176522,44607
4225464,158439
4348938,44983
4550308,129885
4773329,87322
4973889,113927
4982239,136514
4998470,52413
5004422,51860
5085363,133657
5086720,3967
5086958,129674
5112619,48834
5217428,128669
5261131,157994
5261789,145883
5431959,96570
5490225,136866
5528599,74011
5948511,48927
6104492,151312
6184018,146537
6266046,10820
6266853,146602
6333694,154065
6353862,88943
6693246,65600
6952770,107567
6952772,24063
6952773,127788
6952778,35087
7181531,64400
7225237,18256
7546337,147281
7583977,90149
7649670,149668
7681034,126862
7726487,97216
7729109,16392
8070603,91900
8166020,111496
8266526,137206
8327479,52977
8794263,66704
9301095,145226
9383612,99325
9661637,121828
9944815,90706
9969056,151626
9969058,92481
10150044,102598
10279633,141471
10389760,62064
10415638,76508
10494619,52962
10882005,24557
11094237,81212
11438289,127583
11475727,150320
11499391,69511
11815214,91542
12129042,129510
12749989,110600
12750392,35357
12791677,66
13339347,118243
13428202,83716
13477525,84618
13509863,14377
13664616,71464
13711099,140421
13874089,130103
14004500,160516
14104038,67425
14212261,94655
14256197,145491
14312610,13086
14419063,126413
14521832,62178
14590792,157748
14704167,36124
14733636,48924
14755035,48094
14828314,26019
14856592,83155
14964912,85110
15050654,946
15324078,53398
15897524,17774
16069766,28299
16241135,105570
16245389,33373
16292233,102161
16493361,82245
16650998,11042
16691333,45976
17094710,25462
17127015,147411
17177909,132674
17637996,85886
17656311,139874
18122659,71928
18123249,100153
18263812,72347
18331161,142012
18381861,67920
18512713,91006
18587188,63557
19210932,107882
19296606,158439
19720109,140030
19837687,134599
20187367,116144
20212619,157613
20334791,45470
20336290,91451
20336291,150741
20499001,68500
20927476,64017
20960990,95558
21199250,37729
21596043,93148
22201756,43915
22291307,3224
22569837,66343
22884360,88242
23672431,68401
23825955,45170
23952956,116258
24403190,139815
24403554,30280
24425934,14293
24662587,27305
24667284,137728
24667282,57148
24667284,137728
24667280,106147
24667284,137729
24667282,57148
24667284,137729
24667280,106147
24775584,9533
25139959,92821
25482466,93237
25518251,126948
25709900,17994
25709903,56604
25732477,68676
25882641,54488
25988569,140329
26021286,2364
26021293,160370
26027378,62832
26045651,138314
26056559,128844
26104505,103872
26123393,45938
26124735,131970
26197306,102610
26197307,138291
26197310,36390
26197853,56702
26205144,156937
26205147,99325
26205148,117572
26205621,24045
26240868,98909
26241198,83413
26247079,147346
26285601,147346
26285664,117115
26324810,188
26330606,118901
26501907,19663
26538705,16391
26553787,110340
26555654,10350
26742066,62433
26745380,54415
27107557,47094
27243016,127123
27243019,19304
27244295,96473
27251997,127284
27343583,137386
27391812,4579
27440695,43467
27470828,78974
27486360,53466
27569017,50919
27632680,53549
27648841,64026
27739950,148073
27775465,33842
27798900,29738
27799065,120779
27841092,84884
27860990,99322
27941382,68613
28047256,87585
28060096,134395
28105044,82510
28182311,113425
28376518,50286
28606635,30648
28637880,28871
28700351,135551
28703228,50309
28715003,159028
28830021,74020
28852240,148699
28864613,18204
28864613,107834
28872418,63910
28912384,137083
28949145,118114
29344931,141783
29522217,138249
29547464,110136
29570696,48617
29692475,12338
29830255,128495
29856328,6002
29900085,113663
29943468,54838
29944468,65076
30039015,120050
30181182,116556
30485922,9061
30524324,126215
30595628,145266
30608368,52451
30660012,48408
30943840,147861
30973375,52895
30985511,8940
30985513,147998
30985511,8940
30985513,147998
31006068,187
31261261,67932
31287086,64133
31337444,111082
31587818,111410
31620180,7233
31620443,40352
31633899,136488
31707491,63813
31738855,48501
31783318,58110
32108423,80035
32121887,93617
32164555,9130
32399296,113787
32473719,141980
32675377,61495
32729623,32048
32730011,138697
32769814,142086
32847530,160366
32862621,40523
32862761,73007
32938884,130090
32940041,49628
33243558,91766
33244886,117135
33245936,97367
33245939,58927
33281768,131474
33290777,51977
33359311,73867
33422975,104136
33561177,144204
33635035,118621
33679586,89259
33728724,113568
33790464,108509
33990832,96963
34043662,19878
34043662,109061
34192006,73045
34217180,154490
34433793,53019
34433797,135798
34724364,71895
35149132,65797
35227238,71262
35436273,148296
35436281,111897
35436274,133093
35436281,111897
35436274,97295
35436281,111897
35436273,148296
35436281,111897
35436273,148296
35436281,111897
35436274,133093
35436281,111897
35436274,97295
35436281,111897
35436273,148296
35436281,111897
35942189,141422
35995659,67791
36167446,40560
36258477,113636
36446349,130086
36629431,136705
36646778,147918
36646781,71928
36756427,50925
36954815,158474
37059049,43986
37104449,99072
37105894,53671
37311342,108257
37322775,67157
37550154,31799
37579095,52138
37600871,133210
37616285,6026
37912419,68079
38135861,111944
38177881,60686
38456294,134668
38565892,5373
38578713,125056
38607789,104782
38684284,77996
38852999,73896
39027824,138642
39134396,42045
39134400,140291
39266960,18546
39281851,5915
39486921,142193
39532492,68030
39586279,49291
39698160,145642
39902055,154585
40165749,15925
40451994,132970
40489280,53395
40554844,155289
40567361,96442
40615447,66886
41039613,145656
41039753,88784
41068673,157900
41120031,76747
41303885,33129
41341564,105935
41457407,64153
41614769,139604
41748450,53524
41755392,97481
41913929,66888
42093329,10130
43021052,95920
43021221,55540
43036173,117719
43044779,56048
43138491,54913
43149806,115745
43254255,153336
43307136,67391
43392477,21238
43412945,54790
43432966,90329
43445332,20698
43543471,86069
43546110,51888
43616682,133436
43707180,12091
43804214,113636
43941713,64543
44207088,58742
44215675,128787
44265074,98810
44274761,152102
44545241,12426
44813350,98779
46050216,75325
46138283,27772
46389735,143278
46655321,124903
46819059,149998
46855318,142187
47161160,44352
47197025,48583
47202563,96049
47445053,50242
47755968,117047
48635266,141504
49430966,61593
49803133,23790
50050301,156984
50284835,36952
50380567,141648
50643639,131077
50652589,74926
50674399,33991
50676809,16401
50818216,620
51138687,75019
51288193,105627
51302507,160774
51472126,51170
51699038,49285
51858883,24232
52091447,127969
52139361,64283
52149513,85054
52149724,37330
52288945,16441
52427858,54138
52851297,141743
52930133,54809
53206100,159456
53213919,152218
53224344,51035
53235261,61695
53599656,81902
54001955,120065
54173489,77859
54192260,81380
54588373,146048
54656370,130676
55562277,27558
55635572,70829
55865449,140992
55865449,140994
56112415,75023
56819192,348
56820404,67818
56820404,67819
57021654,136628
57384390,56780
57500742,41649
57539132,66342
57700594,68784
58652747,89792
58652753,44942
62598197,102422
63151556,146660
63557596,81470
63990495,82024
64071654,87267
64664034,127845
64863120,71783
65203380,61191
65514528,86894
66344653,11777
66498687,45889
66803394,75526
66958699,44401
67335056,84115
67503175,153067
67873605,61257
68170763,101768
68392723,71771
68432185,44390
68592353,57839
68598833,49221
69000062,139554
70021677,103732
70148073,115544
70440643,52674
70490331,14742
70639568,158200
70941982,127731
70991819,151225
71122120,46648
71200764,42854
71338399,116968
71603917,61798
71842321,158830
71913404,54057
72129883,114717
72141389,127064
72295172,146209
72420159,72422
72547203,22570
72598868,69164
72814354,124771
73152793,72052
73332652,33
73887315,96107
73933486,152538
74077816,160783
74104686,11750
74160317,52123
74405900,29829
74422702,29677
74812302,124070
74852936,73980
75182860,69325
75914176,15475
75914745,60795
75953515,17936
75953575,35500
76063360,29619
76329993,146196
76602565,14025
76952380,94769
78175913,115011
78176521,35081
78185170,69731
78972079,72758
79068662,15484
79565860,143778
79577161,150370
79667748,4398
79716123,64276
80286649,23892
80486359,66661
80758160,66230
80774310,89579
81706027,78226
81735221,108479
82197622,96643
82565115,52601
82982150,51415
83074169,15815
83978439,56256
84427622,122610
84563478,5816
84838237,146974
84937698,105687
84992611,138953
85191076,79365
85478340,54706
85486333,25007
85561378,111451
85947283,78015
85954958,79056
86065736,73732
86303295,89482
86388615,72870
86496748,140515
87161177,89591
87169926,108333
87392040,148402
88117710,16009
88324184,146334
89230180,103517
89673516,30999
89791498,150438
89792357,41801
89827298,95794
89856066,157165
89995416,16193
90143077,31672
90529374,42141
90536034,78956
90755296,18391
91165998,63585
91320068,86052
91805312,56124
91931203,105708
92321030,131971
92384854,156885
92431603,102630
92526748,68049
92572144,112011
92870188,150812
93098727,131645
93144316,1911
93206398,10764
93783320,110461
93883499,112173
94130126,136453
94244688,47302
94506980,49009
95431435,132346
95475799,72383
95626063,132663
95945981,126891
96709048,149832
97285899,9310
97392818,45552
97511193,139224
97564551,51738
97686885,52483
97730921,108649
97730924,58526
98627695,64360
98873523,138939
99038361,44435
99273004,82982
99275300,53583
99445175,49062
99469139,125386
100015966,25155
100036469,36140
100037519,45604
100062265,9263
100066951,154061
100196796,140407
100541778,72932
100765906,32569
100903640,88163
101721820,53742
102675594,51094
103265782,66229
103976083,52510
104465785,120940
104494986,47446
104522055,54244
104660785,106026
104973978,49748
105389102,93743
105389103,158038
105389496,115196
105404390,2871
105585510,143894
105627529,133760
106124348,155195
106571031,69501
106585063,72138
106795534,131525
106985115,67512
107023313,143091
107777148,82044
107781629,144388
107867373,129738
107895166,78664
108248004,60001
108278719,19275
108436120,139100
108439679,20915
108881544,129376
109240556,15524
109289562,21247
109330645,23026
109704025,96511
109704647,149533
109704647,149535
110011922,142567
110041937,94207
110086259,149999
110252543,142979
110455493,53407
110631149,52341
110657141,49293
110711413,47395
110792318,141132
110818053,49850
110967040,47234
111136013,109711
111136014,116767
111180112,74773
111196386,112795
111303461,114477
111369956,88342
111401828,136357
111607545,115112
111968399,44546
112152913,115258
112175417,98260
112257626,45126
112810511,38190
112920774,102919
113777579,143853
114178197,9676
114291959,126102
114292030,123744
114329826,9194
114399435,147173
114453756,99839
115212728,96500
115243462,69715
115636952,142037
116575325,74391
116692453,27933
116882775,152327
116892761,51337
117765806,90605
117995820,57561
118320423,42900
118345392,42733
118928644,144035
119097962,55279
119150249,103782
119230674,121368
119361429,29375
119399097,43759
119985575,101655
120751771,45773
120857257,13290
121089569,27730
121298404,45894
121716020,115192
121904973,82882
122171139,58303
122720848,109987
122837800,47842
123468225,150490
124118909,83317
124125300,140106
124134735,53677
125137479,133588
125357295,156744
125421483,86070
125589088,76610
126067994,149066
126068924,139693
126112012,104616
126112079,122062
126196769,40696
126371651,16215
126682248,92468
126735849,128091
127113057,64119
127124496,152721
127607830,44691
127664952,111893
127664952,23774
128002526,68488
128639987,62335
128719317,67110
128841385,156373
128841563,14257
128887714,133532
129231791,122803
129460528,44975
130693112,103960
130847296,138584
131327495,115272
132271366,41115
132271371,64882
132323589,60403
132721897,1951
132722780,68939
132768393,10876
133120140,58038
133133848,94823
133134786,17384
133136823,61426
133137506,106437
133219908,3125
134499465,4023
134837972,19015
134926257,38085
134990396,71547
135323958,9554
135470699,53945
135502879,68148
135644414,30759
135721491,16484
135738749,57583
136219219,45046
136294489,89650
137112591,103148
137144037,48830
137242154,31171
137311296,33491
137370750,145961
137514209,69296
137690796,48033
137816506,64776
137829618,14742
137876209,145453
137896208,96015
138201812,118131
138699851,65308
138915521,18968
139272058,35560
139298620,49989
139301406,125519
139558889,39736
139610005,158790
139696672,114402
140050854,152464
140232349,46598
140519368,51833
141482285,114673
141571781,96774
141762780,157384
141805893,71601
142352852,126224
142409759,84630
142640369,42621
142724595,44190
142997423,159750
143677983,23047
143750952,72932
143856170,130174
143880501,2562
144008765,86420
144163805,49024
144385532,158939
144416860,47012
144450460,79622
145056193,103888
145281200,114496
145468287,48807
145574631,64169
146274741,141568
146285511,102677
146374041,143741
147142063,19121
147356858,66663
147519346,5573
147830404,30053
148294950,143110
148328399,138765
148458536,48177
148591140,53769
148916944,83927
149072008,155296
149439258,7976
149813167,140854
149814505,121164
149867118,144643
149887705,119397
150067332,98307
150067540,142971
150285929,127621
150285929,45321
150286365,32019
150316083,133411
150364476,121128
150390169,84425
150402438,28367
150464632,77314
150596412,97166
151083110,115613
151214932,110197
151313976,60168
151322384,109127
151388573,16356
151561306,125563
151561542,32763
151711636,22864
151713361,48779
151868424,145646
151999862,9166
152130677,64576
152163756,82713
152206196,20361
152231943,159963
152365707,24259
152391834,59868
152494711,52358
152543489,141967
152617098,71719
153456939,148061
153471957,60968
153657738,33408
153705430,61412
154621225,43551
154961490,128073
155040970,59419
155315119,86873
155377680,143330
155421298,58947
155536477,70669
155782629,156583
155910422,63717
156205961,72893
156255222,140791
156389079,28814
156421066,61844
156865632,49996
156909638,92141
156951999,89290
156969830,85462
157315160,143062
157419573,136115
157465139,158212
157737708,49257
157987325,10028
158061107,27917
158065804,79629
158113301,152585
158304540,88385
158518591,101522
158570356,60575
158841934,10813
158863022,59861
159188459,63501
159235421,137077
159235422,122859
159291111,52431
159458030,59734
159485817,63243
159533280,60145
159598103,150644
159656586,49055
159806338,11102
159839250,151550
160075774,41809
160114301,55358
160362755,71288
160391210,97838
160427233,56349
160500624,9255
160658791,127931
160738491,65406
160950989,33297
160984492,93246
161139392,101241
161261865,39925
161413179,23691
161570927,41846
161680442,10508
161695587,106986
161881132,45337
161909496,1175
162039205,22943
162151695,50010
162182345,48897
162302408,75330
162309416,120819
162400608,108666
162452394,142878
162600654,48842
162793459,79267
162817093,111985
162862558,89110
162922112,139508
162976162,140532
163380272,91477
163552792,8649
163711285,80924
163730298,36641
163730299,65375
163758105,60515
163834394,132689
164057657,52439
164092753,52809
164354023,43772
164354023,43773
164372969,108683
164399053,16199
164612091,1517
164726650,114592
164823262,67901
164831034,67596
165032208,44339
165054124,106707
165666339,133476
165800546,133226
165811689,143556
166218177,141169
166233022,19838
166238883,111047
166290777,92731
166330471,140140
166381816,85635
166381817,119704
166501011,10588
166582857,36171
166634467,77050
166756234,66023
166993843,71784
167031067,6276
167087893,118798
167180911,44334
167232111,87017
167254851,158239
167315215,107168
167361516,127977
167411341,89365
167411690,153870
167419591,84636
167432364,110325
167468669,82478
167560524,108534
167594192,49258
167700639,12911
167922888,60562
168122644,21098
168132408,34024
168161093,55712
168227331,143809
168263037,90587
168325223,115194
168534040,68721
168778386,9473
169020372,74213
169221206,140012
169260710,97428
169273361,81236
169284829,70122
169301422,128861
169356718,11259
169444412,52932
169597664,76135
169598383,61377
169639910,61444
169929393,132315
169974206,18793
169999600,67359
170104710,41375
170239416,143535
170362159,109018
170414246,53446
170508049,45557
170565146,133939
170862657,106276
170864048,126465
