79167
53856
116797
64711
21280
158268
84226
36785
27717
138322
50600
63553
106153
159107
138133
39302
59547
65566
120565
105997
2193
13172
105152
98294
61868
30093
116047
32348
115307
56245
11050
60169
45978
88344
25927
106713
133917
81192
100061
138626
110441
61099
144327
29170
106313
141169
84251
156562
45711
45533
27933
100032
49213
114080
154955
61727
22877
52274
137818
68404
157326
32264
236
145652
158872
36609
73722
143546
72308
84020
79049
93160
124036
1154
86366
68925
83638
10641
81933
84261
133791
45693
63002
12072
7763
154417
51931
78700
74201
134431
63078
43881
68606
546
66452
143891
57647
72835
157086
53466
44507
104485
41107
16441
138187
270
65476
72404
150731
76614
128723
123852
141616
83923
142293
94851
152196
104974
49478
33020
12002
89401
87407
152694
161316
41936
146782
30367
22162
133535
108371
54727
45865
44492
43965
93408
83645
73139
48940
85788
44456
80976
74018
2580
138634
156043
8946
145697
90451
66312
94565
139426
60063
84449
11935
50499
47664
43897
86666
14177
40722
52884
64658
124180
139199
135721
42376
71718
53383
34741
137676
55296
139190
132374
63812
93177
53711
146987
143103
58191
93457
111917
61104
146499
157255
75495
154648
26113
70877
85514
64728
116987
155523
139178
19111
54468
153248
101078
52092
20522
53743
152645
24263
88922
64578
98262
50286
134502
90447
160077
18989
76541
132146
49452
53000
140222
73558
62240
35848
23951
61109
121520
79063
137792
89948
97247
62259
132933
45318
68058
49742
73161
16832
95634
146662
51832
96565
28685
40861
27070
102003
108109
45874
94670
107546
83370
37497
12313
54550
70345
31557
131847
61520
10686
55398
65728
114082
49568
158222
4479
125080
160525
46008
44391
74673
112279
122348
153900
145594
28106
65170
47973
123081
42207
79744
14415
66961
147160
80402
33645
38081
100893
48292
2796
61966
129646
61838
50703
9077
111218
156790
157750
72463
60648
57272
99910
97925
71279
141136
127757
63853
54183
130747
105784
141380
28019
158219
68274
135428
117571
26603
110725
111135
141109
9032
59765
94755
57158
31442
126510
99925
128254
46144
2772
73623
158151
15670
60365
143303
138240
108364
141468
142649
11867
51033
67936
12211
53690
73174
70446
30181
35573
59077
69370
98773
33944
45785
78656
83617
49591
31299
62798
17744
18244
78265
51304
2673
93893
75165
38043
131892
64571
110058
81702
60324
48567
99119
128418
106268
148687
26232
146446
57807
126230
119389
49036
161229
54196
66393
50405
71391
118390
136331
68675
15
101658
160793
56945
11368
125002
58301
48496
107001
28286
133621
49306
14115
114418
62389
140095
105367
52933
7214
54501
59989
132161
8323
141007
26881
146140
46647
16462
11290
67596
21166
54265
132029
45271
129657
146960
130834
51554
127355
52855
101994
62026
1953
11356
68867
60498
15414
49516
41549
129600
50326
95222
100138
62889
700
159846
75414
72759
28084
50273
31801
22983
17242
73988
133499
52315
79718
47327
160231
43584
133528
131595
124098
67564
27784
69352
140679
58265
54881
117341
44354
145767
18538
67254
14158
66428
55005
95936
20943
115604
70839
142328
130936
146677
33861
149199
60270
11962
61790
9657
107152
45998
73040
76169
93250
156121
140261
66871
12083
91444
59961
119991
118552
51314
128011
96456
142974
73418
17391
127625
135122
29701
137015
6459
74878
64928
65114
142007
123101
18534
131305
115551
131813
129599
72273
57943
101941
60973
115772
31075
116804
70944
44834
161090
1813
144526
81380
131448
33474
16070
67274
72839
102575
127465
51785
367
87735
16855
139452
136210
106579
104162
58285
87537
124194
149315
61120
47268
77920
10957
26703
34572
91513
111216
117997
5561
61336
64049
79249
100336
152509
143715
60526
93063
78744
38727
45786
25684
116913
35731
65716
87921
66521
143265
83941
5141
86186
52101
28395
145267
153555
38181
18832
13615
68520
58215
125467
41827
35675
134393
6463
56173
41541
51833
90189
73582
45143
48544
160738
31879
54245
64194
73492
92495
23068
6072
69171
32846
138766
44545
65094
136897
18969
81285
144522
26333
9766
40428
3811
81504
151089
106537
47572
102548
64134
87352
39837
25355
132401
100552
44295
83829
113794
110804
14741
5470
140093
71730
43279
53617
121257
157518
136136
124387
93376
53252
90559
155348
88437
13460
79172
10515
70409
126249
139087
10454
57141
75384
118004
85712
52411
66140
11030
135831
154615
102209
101673
151714
77362
141853
77606
8660
70484
24243
17394
114349
160128
117135
10254
115379
41536
108951
94412
77581
64474
58670
50137
144095
145991
145332
89871
142957
53382
25361
119725
159307
91847
128204
89750
88522
122617
28284
4096
142990
10770
15660
64849
91735
21498
44417
20973
13997
10784
116573
63661
111314
107882
145866
147881
131965
111658
67537
69799
151832
54186
20444
84822
108653
100204
73684
88272
129652
96280
75681
147236
128373
35354
56123
62134
49774
130655
90710
158140
125023
40390
109297
9720
10894
31894
81072
94154
20515
62797
72970
19028
103113
88935
80311
48829
51646
94895
85546
142118
1066
53388
124248
16312
78813
53580
2985
103969
37043
127501
67367
121742
134264
159574
23236
90709
65158
130077
18246
97470
19620
78261
27310
143422
86793
51963
47960
146144
125790
108080
47508
45508
154420
60989
42199
19341
143856
61305
142117
146514
63734
118131
65831
80826
52746
19592
23668
120447
104394
47989
110763
155203
129868
57975
92276
156405
108967
51118
27614
72944
60083
72729
100373
65744
50640
41697
143667
108680
150622
141806
140035
72745
74412
132853
75861
55710
66301
69976
11757
25314
43944
40257
25883
63614
71104
113449
140458
92696
144450
145206
84141
146420
66844
45177
90640
55488
75623
161397
94226
56384
107965
40220
112086
118036
160781
102643
71816
45188
133290
133971
103412
24589
19979
52922
125987
46093
133478
88552
67617
63353
146344
20044
114964
99691
50583
137019
2543
108336
149041
86134
60268
72149
65426
87246
70433
35198
99039
51934
55154
44969
150010
9927
70190
155377
96364
40475
32067
102541
132320
36378
48926
14684
53987
35471
19231
132598
123070
130139
30397
66499
126162
113605
41188
131504
29107
70258
126921