125036
13275
80437
147177
52692
115445
77206
45976
89209
74592
1068
116139
103684
20509
158263
138878
47788
66808
35045
48517
80224
80225
15780
106133
132277
67304
132278
101199
42226
72836
14726
85594
61649
85652
99363
73576
100611
65876
107767
44003
105114
44288
108786
43464
126553
80829
16274
7426
96648
64032
121623
44682
86632
37373
66501
17498
56985
47510
130640
46036
109645
45462
157373
47425
129492
7090
8799
33520
146643
138176
153083
153203
112678
87028
143807
78146
70162
53266
109166
56902
15323
33182
118898
148921
160120
149016
128044
88771
145844
12444
53163
112163
45767
102547
147731
95495
113547
57974
11869
106247
102975
132463
85816
72921
122827
144504
83596
7699
466
18149
155958
36985
54007
20709
77295
36979
26086
419
63721
102943
41028
17814
44645
99402
57729
116143
10723
136692
7265
99887
24951
101951
119345
110448
113709
121285
130604
70272
38878
100049
106330
76716
18575
36951
73260
160061
66565
75770
3933
100114
120392
2701
140389
27322
14265
84071
87060
28747
52694
120525
145012
138896
108059
128460
61297
50014
102347
161455
93288
148292
35146
58006
120879
98773
74805
95549
139882
61159
151896
62902
139993
72003
137460
38026
78481
10660
136354
36152
64615
37170
139350
86092
142124
140332
76961
10015
16850
82824
148179
4609
146895
20535
111400
39605
123294
92037
112809
46284
24895
151818
83828
71946
7292
138960
10738
128094
24144
118571
134376
116549
149982
63761
118471
137226
123443
144676
159625
108529
119572
109583
64792
67501
106166
19979
70359
113681
58946
92015
31681
57559
73598
18453
103869
95267
6296
71675
134600
9829
123477
144772
15926
120711
39492
144893
38818
68977
24296
86104
120574
17166
94225
150121
9982
17505
130065
79212
93704
19135
140218
7380
3778
144848
47120
120394
19361
17038
144652
84187
29712
39189
50926
53893
34740
61056
43788
22578
40623
58435
37198
66252
75032
1950
81264
160758
80918
103433
87944
125299
148977
6170
72186
100934
129
70868
150445
102791
139876
58612
97508
110287
89460
156919
125902
153753
154049
64467
78343
10398
56680
30472
119464
61390
148826
32752
134863
66428
102424
128893
63365
111021
9305
17772
138435
29041
72252
110130
51172
15997
89946
76703
138835
23884
126221
5809
115783
19536
96250
45579
110184
160620
2968
107536
125316
40721
72695
99916
125895
129961
70648
85570
160639
46070
159245
149368
13260
107970
161041
59271
4438
137518
118485
59336
136181
117770
114854
67163
95881
109911
118194
58524
37385
43018
124524
138119
98795
159632
152003
159566
138115
1458
82243
25875
55282
70193
51998
15516
92616
32175
39710
126533
142253
66584
147353
74676
54718
112805
57892
90558
81641
89750
12576
143827
141957
1408
100551
58948
79032
153887
88864
128037
14282
152099
141269
18099
108359
55834
114561
77174
138830
61691
46179
30046
134328
143920
81511
94202
106369
46147
75347
2969
97720
124058
4745
115176
51949
71755
76231
126249
155325
136828
161020
29592
119374
61180
89205
37252
71971
89505
15486
38685
132204
97724
110822
119067
60529
34813
102574
92421
154251
81110
62604
45471
17774
129116
11181
81140
120562
125186
15203
87131
61199
12453
20874
40670
72587
149391
56401
129501
8815
48204
20846
51773
120523
21948
53114
132235
159474
62599
126980
51777
44726
127979
28066
119205
138283
113372
48172
106042
88822
111517
52408
18227
5341
28874
88143
42992
133331
109659
116423
139841
136541
46191
80104
88037
14468
16399
80188
124636
115364
68678
5904
132667
51421
125318
6536
54045
22874
87418
143998
152574
72477
98356
113700
19441
80547
106861
160500
142682
74502
67916
5812
29015
17027
93958
108192
87282
18506
133884
139739
59414
75901
97716
22401
123485
70323
31099
130277
117207
35802
55067
25504
107726
151900
18372
103531
976
110497
7626
140191
67343
62803
142528
29560
44237
145979
148453
100075
79884
14750
121332
141357
157797
29243
53439
92300
115487
14969
45809
93734
85457
33674
25644
100909
60764
43038
116921
116065
37375
66506
20193
26940
138005
57144
23265
129151
122505
38467
73302
71904
116533
36034
18492
77728
98246
7261
158159
52450
95237
29866
133751
108018
54049
157392
90862
148532
78700
97111
108302
16791
81001
161058
37738
77186
33713
61011
436
113850
124260
146163
90651
3564
71782
132252
17958
6076
95964
56021
93444
88693
125974
155954
129125
68001
89931
74532
149929
157375
55813
36223
35253
1511
17566
2293
113796
108687
159833
109897
87980
20379
111936
59578
113974
74782
133674
8919
147651
95317
56779
108863
75870
68915
48985
23975
108626
55100
9803
41959
37182
66226
157627
62739
130222
82158
10645
31928
19433
22105
67242
21529
76947
6412
88287
48624
88830
63865
22404
139581
4095
136431
65382
19375
63129
37494
66690
73367
18123
144262
152583
72078
160576
98728
23725
45119
157128
54828
29977
141179
84454
107856
9919
73430
100104
55912
34408
138947
10799
96489
106431
90554
125577
150604
94743
10974
3879
118110
32838
105478
113276
117110
22183
112160
60353
20418
47851
34998
125785
107655
159835
94475
95730
24679
79807
105251
31951
58022
97852
35473
140205
58307
30296
119974
35965
151727
93314
44903
65139
160928
89366
125072
45971
40100
130344
977
59845
143119
54214
126744
71679
81499
10955
3309
26653
36513
30993
161254
81595
21577
48571
39828
24417
32286
58610
122161
43979
92691
155055
124012
85230
43503
148161
155879
36579
141393
152306
20821
96378
45925
155610
155114
71229
56243
28645
19626
87986
42128
77889
11363
101791
7411
151812
150705
77910
125133
74921
23921
45413
96199
116204
26448
7809
30980
52891
14467
154569
57201
115655
1235
100122
56782
117270
134978
17521
119740
130315
40097
27431
107786
139010
112539
128351
5136
9665
9621
77855
9218
27151
160952
120015
112205
14324
84265
54575
92367
7793
120934
145968
43260
26379
10125
133389
50723
114020
1896
63763
108370
107460
16625
46739
134888
95803
131610
12284
107732
63816
114497
17686
145628
55629
89251
56607
33201
75592
53601
74999
1861
28825
4682
23752
118688
152127
23206
75152
135219
134028
8453
144501
83592
129668
76014
138089
124123
58237
87672
106973
39763
145218
65658
1026
137546
148217
107566
4712
112049
152870
128538
4966
59641
114625
49628
141795
150742
16281
159262
140668
47907
9932
35635
72015
227
2481
14770
104754
111798
76554
5953
58786
125135
2511
53645
49890
113828
97915
23589
19246
105579
37144
154878
136884
63495
10876
16054
25887
48291
129670
156603
120537
21737
9285
73584
886
158021
93293
153911
128029
51060
79818
105262
32294
42587
80822
46396
4375
52587
122773
123933
44678
34608
126206
85149
136300
2787
18758
131783
147126
30780
110141
105439
77643
8572
91839
43629
45292
13514
141624
111810
45021
130005
40238
49951
79877
153221
33883
27264
161559
133809
42188
12820
77753
60603
75875
160703
128215
111081
25913
128407
27006
49959
3039
107707
102675
59928
86099
145230
158250
106828
157506
160821
21481
36769
93549
145489
85817
60741
107133
104350
80193
106073
42043
47752
12717
101667
137646
136088
112331
106464
91177
100753
91254
52435
73535
108238
39311
17818
47803
37884
47039
70741
85830
39114
69604
40993
52407
67546
140583
4162
65079
33878
90133
110929
120386
63259
17604
21841
156892
18704
155895
101556
43888
17119
8749
94242
159786
152966
141474
139925
64572
115292
48558
59918
41395
161256
143565
151565
91056
109393
5261
101339
81408
115628
52768
14185
49470
63107
37209
136221
156002
64593
149429
139926
103267
106611
68010
79223
12691
107992
12566
148999
37306
119485
1735
51054
94090
38109
84831
96774
126254
85735
34524
4217
151743
34878
47385
13692
37043
22512
40122
156710
40812
146463
107682
6713
33904
138601
114235
21337
104307
79862
105354
9079
123809
97211
113718
4018
146846
95559
127165
150731
157916
135528
32047
159837
82818
55285
49433
74778
31636
14381
106863
81989
49906
98325
136257
44826
22848
87458
16820
32586
122885
114628
26359
3543
123796
42507
152031
22284
41118
122980
146887
81342
27311
23310
38701
40335
145927
154294
38189
20253
89774
111307
87781
83507
121649
143171
101737
80563
51803
149877
962
10419
99143
117136
134813
85687
34385
69216
2696
83906
3193
63829
59837
41213
87804
96732
27112
113178
129272
60642
39601
95791
57493
29274
103080
26156
157044
70751
155438
93807
40244
1788
11475
55514
14948
86245
35989
161467
90351
31750
18812
8870
156924
125288
94930
29123
53241
27537
50861
50480
100470
46515
67488
151760
44068
157973
62429
134176
120287
124118
123181
144174
44902
12285
14429
11425
143239
107979
84123
136179
92204
27650
114392
553
110878
56233
28620
52550
14924
26485
131929
29643
68596
101876
154013
29135
47320
136791
126472
118761
41321
73825
117722
2907
115204
100332
121166
40271
64828
69276
156444
133540
156441
60893
106567
9217
116658
34434
67619
150571
101110
41799
72962
91781
10784
143294
109086
129624
22892
148640
80018
105648
124427
43218
127152
399
96248
85194
126560
11069
55726
121578
28411
59274
37503
43541
131903
64516
66787
112066
119523
74390
32055
136462
140102
60656
34572
95220
63315
104656
155354
134430
138066
63745
53468
79676
115873
21650
36763
141562
78187
33316
160494
139405
52389
61230
153336
87300
39648
129616
79462
53848
48868
151275
84861
29069
150046
10038
148786
98680
28323
16757
64697
92890
155691
157635
20360
42779
82535
114500
102305
126937
122978
143884
100413
85079
114120
130559
129365
26938
135025
77854
42939
153797
62100
158285
23208
44361
113698
41019
73256
21433
46266
103682
94084
151768
159143
147906
148878
5902
154487
123942
129035
2242
13621
1542
137436
123635
157573
109890
100639
42790
115441
658
47992
6873
8702
32684
144946
78737
11214
96922
109437
98458
49451
44436
85812
133418
37952
36415
140504
27074
17793
28795
94057
158867
73274
160084
116525
125462
81003
54137
99107
84844
117747
119465
113282
124026
71833
44995
160363
113205
37573
98388
143897
99838
94684
727
97420
128235
88563
100207
142721
113993
118517
146956
141958
74835
150280
110360
131206
95765
34368
139013
159529
33241
89599
9147
152337
31182
9075
150641
137548
94739
1581
115514
95443
99939
34559
8180
42191
37955
324
23915
78087
32391
113885
49097
97575
21794
77779
16569
51201
138880
122886
87622
54556
28451
154348
128374
4465
21461
54118
48347
59759
159104
535
88410
2450
27406
114548
14729
88812
111795
103728
4437
153253
75884
144268
23143
128998
18184
125529
110744
93930
80366
90501
91016
76823
27207
50336
79219
7249
18194
159737
161438
60784
43120
154856
118225
136774
48886
53446
14280
1492
151804
21331
126035
66438
148178
37173
89495
69537
37782
89073
85537
13534
50737
149021
89862
135464
31705
136029
41164
73520
121230
65076
72076
123934
55441
64550
70901
51859
144887
85074
100210
134794
55336
46344
107582
31680
12
98422
139760
12574
148068
110977
89390
137132
7070
127755
87811
132425
19517
22595
116524
107949
103600
147930
2103
110117
64088
17116
19336
15586
21405
106033
2074
109647
47127
56191
26122
38493
17705
117954
12463
153840
133870
7136
156940
41586
94851
148034
88504
6260
157470
59452
129453
105432
96956
41857
5079
64037
125083
102511
28237
42666
126324
151648
118754
2942
70607
15647
157551
55701
21969
106459
75966
132470
79751
11920
102570
35824
150154
107154
79559
104793
128240
35556
111034
153194
86035
110132
87383
71338
16260
99581
32649
59203
123250
24236
17182
123959
53022
83887
132526
160713
11074
115676
19754
119368
117820
136046
78546
41650
38770
114929
51488
28047
50914
41773
106846
144032
8307
68823
119687
75022
82195
14672
85450
119241
20407
74113
94283
26510
49126
145755
33307
137976
101924
52527
68444
116441
106556
78409
10516
70820
107880
39958
117854
76332
5484
11594
161002
53058
60742
79488
104613
3440
79487
11842
71398
44020
18884
93941
133472
56758
56046
52484
24094
150151
115897
60568
49666
37743
157018
109347
114485
8168
36718
53515
15438
41341
13730
42573
41749
90355
78828
22021
37513
155589
4422
22610
124412
2684
12212
84117
41406
119481
138661
129876
2707
106426
148935
153789
3205
20860
135297
85958
109233
9200
24101
104954
43209
106412
90505
102179
107185
157666
145786
90025
145030
100021
120171
85229
158196
108734
22235
68451
52032
115403
96096
106009
88656
130522
127942
116857
16979
93797
89709
36683
103102
82397
141688
86410
18801
11840
10021
157999
71509
4654
23612
142757
77461
117129
105324
33481
2588
101770
73698
148877
137417
51124
62962
117508
56426
78989
156835
124874
63849
71658
106303
90573
37946
35825
115028
28242
22718
41133
73474
44403
5437
77781
78746
103029
117742
65557
72805
19025
18273
122686
91780
109130
156140
18502
145554
15744
89210
16289
91169
100708
643
91652
96569
71793
63038
94813
73471
2160
35392
56505
100896
38356
122677
31073
53666
106944
89099
15121
81874
22224
5398
71169
156313
79985
88611
157264
24030
53885
5197
124963
134980
139586
23432
3946
7715
79858
155143
102457
130781
10336
38601
42718
22518
52126
156512
31361
118007
136364
15897
132061
56302
21207
137856
74621
116422
82793
67762
40961
146662
3978
71482
41983
17591
155007
86530
149855
101529
126565
57715
445
20903
9212
61001
156923
12629
115972
96676
14155
136177
120424
81960
124082
129964
34768
125922
82554
94411
160419
26913
48524
109128
68707
80726
19184
19855
143306
79386
108552
112814
47060
136537
59515
74363
23820
40268
19745
113740
139313
141030
21284
13773
82106
101497
74587
45660
35804
94312
37152
142354
150607
19426
88997
128229
128801
91796
66297
47504
152750
23337
121760
66181
95397
277
2985
19698
65346
93978
142777
97746
103632
76767
104986
83663
130857
141151
113456
23157
80099
105823
153222
25461
142854
33244
100610
65827
119557
109660
29873
70632
114320
114335
88317
106196
60535
161111
134330
130527
145795
79368
89021
54967
25012
83726
28296
116964
118558
143873
73133
42721
53857
113728
125368
77214
151557
64524
41077
96745
71747
99310
156001
94860
108027
56581
131682
60299
127383
73952
90431
86658
4505
93254
43305
156178
103931
53120
78598
10993
100904
62348
6433
127967
3173
107810
146369
91305
20791
1223
100077
143533
91713
3866
44327
16117
17500
62344
35664
141907
147646
993
35272
139942
69687
70317
29627
109819
34068
7376
145364
86953
78209
10115
67661
8204
38219
26558
130317
155618
109212
26290
184
81419
2659
158613
84518
93550
89072
113374
98009
7291
61889
49541
103759
148661
71800
88836
86137
58440
75863
142696
107585
93508
97456
119879
62226
123385
139604
76190
113559
5608
148492
74724
125719
18468
91375
78779
102938
142560
5393
67571
160665
41613
47278
52869
93759
89588
77468
8076
37340
19340
104926
94695
121759
137967
42183
136940
38313
115647
144284
22543
22505
152879
54710
127868
90970
148957
6112
29976
4453
60462
95473
7509
71892
22550
6730
59910
124915
21853
26602
77888
98280
20987
117774
156380
49653
124726
34642
76213
2267
109809
148214
12734
17525
93449
53721
86807
108567
55326
155180
61351
58466
67221
17949
29452
245
137466
160422
86123
140423
20334
114629
8262
2116
19973
69170
44119
77586
91863
43911
113752
131369
124786
93179
40409
116865
126847
160735
107298
2186
104567
9703
101691
4246
76318
5455
139072
37520
157469
15398
156831
73699
142147
80203
57236
60274
17916
54094
27015
159963
83559
13565
157776
91228
132044
3431
74111
18968
149890
46215
20596
87233
86978
139918
17122
161390
85234
32978
137602
43610
5473
50774
105578
1073
21279
50951
52188
133184
7583
30297
55287
7506
96996
134224
133
139802
43502
107274
21351
126114
116868
19274
115404
132304
35137
3665
115024
42271
97135
109283
57876
56481
120502
77303
7579
129796
136727
96395
15273
86445
121429
134089
963
6038
116299
116551
21834
25619
41881
5469
78799
322
53873
22342
154450
61220
31549
62335
94518
23203
122493
48731
115207
132070
21458
48956
26984
150361
55741
110277
139864
73435
38652
38746
8291
88423
3411
4788
157357
68617
104056
31349
70053
55050
126673
91314
78401
57019
2211
145983
104592
32190
58439
37218
141706
27
43729
119328
138455
141750
10240
21206
111800
103564
142720
104755
85784
56515
54193
110731
93322
78840
115202
53860
21151
59586
150640
107309
38859
29729
107948
117615
33290
60280
42153
102592
125970
108353
114230
130740
133129
57763
55319
55498
106275
114963
159999
83920
28884
120277
107813
149438
152716
26123
31463
29591
21759
48170
35084
29043
36890
59098
135054
2041
98000
72111
835
132407
107956
11374
158243
138502
78642
56852
31651
148086
89999
145245
19999
21424
14307
134137
12297
75450
136312
35951
64304
66957
6150
2033
160553
86038
93861
128016
6086
107139
130068
94835
129096
107482
100856
71486
107270
123597
38364
91325
21146
59570
154809
161043
158355
92286
37194
47219
56066
28144
51874
71664
73240
85383
11775
70954
145215
86501
155930
71650
3984
110101
81429
27402
18593
13699
152470
115763
97177
97858
108445
131082
121000
140805
120559
1637
123801
130212
48933
139079
22031
122027
151570
15739
56911
29480
117978
97649
133352
136302
38495
68416
139014
88327
60937
30991
44201
61229
113802
134443
138574
121424
83523
149315
132754
35383
156537
123807
71263
55032
37987
87194
102079
25657
107162
360
19825
5493
27459
59250
39280
156373
131466
126351
15843
124356
104761
111893
48506
65744
20246
17472
133247
129854
151801
2816
105221
119847
49963
13230
102794
151672
50442
14105
28459
97410
158782
116858
55506
59228
123287
49350
122234
31781
118265
136824
51906
117767
8316
112373
12166
33800
82417
112295
137775
9639
8727
143047
150336
108933
24075
140172
158783
145432
31025
52069
96186
57787
102746
67056
142234
105914
154963
129539
60101
80938
122341
39321
51230
65051
78491
127569
28269
52047
111368
126923
94356
92508
117379
135203
127088
46608
140358
42734
72364
45908
160370
123315
84447
125426
77727
138627
108611
84951
31973
98298
53640
38976
70328
152980
112374
77173
137062
25603
47828
132163
40877
146531
1858
93231
3975
140024
147542
122486
152754
111560
102658
121454
15660
158507
76743
134927
54069
27078
98583
114736
26406
130169
78227
63876
64273
22977
26283
130569
12744
77400
58704
36892
78156
90196
115179
98104
135954
93395
21963
159993
94562
14411
154456
38143
20389
88976
147469
18844
92353
76376
5336
26765
267
146055
54773
5857
132717
67526
124383
30671
43296
18881
126762
159946
112175
131490
133975
70739
2346
104924
126601
28577
93495
88921
133397
71684
42683
109750
66628
5745
129867
56625
30206
134181
108381
17883
160192
31499
148587
94819
66368
8855
81164
148805
64179
111968
157201
95510
121875
32107
158449
65684
18765
157889
138943
47586
60340
78222
108821
132364
94428
81116
125906
82387
152519
107851
40599
154903
5231
99847
152905
24105
43448
22834
142328
85851
34849
56221
155346
111797
90535
21029
148123
35562
113252
47914
34568
139203
142010
38764
158002
129203
36224
100637
149675
42712
81821
114864
16245
5240
113784
70575
85398
41268
30675
89062
16120
72133
71259
77381
76830
102430
84246
31553
1822
75036
68841
6325
111557
109995
87748
115344
126661
114829
126229
119218
17785
68097
67628
68824
141589
84506
18053
7015
149204
38554
47069
59040
91880
22063
98237
45598
123523
51665
70386
28872
147036
70837
141446
27819
124307
97754
129980
59721
25867
7512
9587
43232
47964
34805
22696
146813
92688
1437
8463
146108
124170
72151
119493
145115
152650
43186
120163
45431
2353
83367
11152
142903
92393
54479
34610
103913
30936
73658
72046
117302
135045
43479
79240
35140
150486
140724
150948
26203
145986
6115
34655
147206
20804
45694
76429
144082
130490
32660
15584
5276
35327
1122
26543
70889
113141
83103
19499
71543
42514
79915
89144
134723
114908
154905
156881
94200
159534
35629
63819
8183
46907
157194
6741
155605
132323
80263
106201
140288
51797
112011
111510
109100
47405
57031
118341
136955
104983
7303
15106
96247
154078
113606
75583
147239
135836
385
63247
138138
4508
125120
147761
38670
154822
136210
7600
156186
119722
149711
107144
59159
7350
108809
34466
107101
161406
139892
103553
74775
58840
122553
110554
48043
40926
146600
107551
23710
88747
149548
5864
100970
74776
100158
109748
134705
10537
161513
90569
84304
133211
86525
133140
23841
152619
110937
67824
120260
152429
80165
64270
142449
76301
89767
61461
46099
3462
40007
3234
8679
48664
65393
129653
42995
29499
144141
153470
125466
52406
121629
140773
89995
141231
60452
42429
13791
75128
7369
11760
124891
77146
34151
134424
143948
19898
24091
45013
125424
136833
35421
63205
128604
5305
70769
126669
74043
149584
74757
95469
43470
123569
17582
96229
14111
114367
45538
77654
112110
66642
145301
79211
46660
74244
58862
33692
153173
129061
127042
5705
28592
12882
78086
19280
15814
89385
120032
4740
45818
115443
29050
53136
108843
111631
78151
116107
149767
160670
56632
30235
80794
88322
132731
19194
3719
143536
43617
136846
38031
142984
28106
111878
40047
71517
156975
62199
89892
139936
120606
103648
129747
98797
64549
19774
122156
424
72069
61566
74910
152395
67599
128675
145011
85624
79780
105212
65602
11796
48882
122723
68425
159639
60762
118879
137868
5098
25802
7974
27808
121445
36719
159150
45778
60961
110730
143309
90656
129155
64194
12331
75571
4293
68821
88740
85966
94849
62522
133334
48321
9191
95714
84725
113568
3382
23033
134509
36653
124387
54869
46525
85680
34366
119917
62307
131766
129799
84012
41247
147011
14478
31324
94571
24851
80899
54706
139615
120263
86995
122868
85423
33573
150195
15496
90794
3721
67113
44400
4889
38967
153772
96621
632
97966
127678
120354
113395
54205
111260
129015
120011
57546
104051
105632
131554
118337
36294
35772
141439
152501
40109
34273
145590
156913
17246
84166
59461
59846
106916
160733
93190
68408
103891
17846
134588
60350
54937
112677
151659
151222
143013
9486
116750
71637
53139
19650
156989
132973
160352
159558
80154
78434
135929
33977
10820
158388
67967
1367
143506
136446
57727
85977
80776
880
122281
43410
160719
157262
10805
137103
38794
73296
92472
87992
85666
100444
36874
22156
118997
99853
66811
68511
11756
70773
120314
74745
3150
78968
39570
144981
33579
111103
125459
78108
106907
70660
155276
8409
144199
18734
30724
111702
119728
2464
90160
90158
20629
33667
89584
3094
145804
10585
108039
12663
149230
57146
149861
156675
126525
20447
119299
82291
126075
3087
127660
138706
104177
78895
11664
1829
78824
11496
97161
53023
125175
121282
17668
144475
133387
4997
149269
138289
105567
155929
139143
97528
27614
145999
58318
98560
12846
126196
154204
64545
10092
152232
70935
155908
141497
43571
9824
65586
111470
8834
124719
30507
85189
103846
33285
1815
29431
90368
70484
90208
97080
8697
71403
58047
51043
100533
5886
140217
118489
59346
93944
157751
51485
101321
45361
119414
6507
153176
2853
70083
157361
120114
33296
133277
118615
59585
50663
155520
152404
87759
107421
105645
50204
4617
151368
106598
91480
11730
66004
142083
147616
76041
24567
161260
80019
69016
40213
21245
121076
18878
115455
102448
18998
4262
38007
132648
57312
92837
139837
143051
138170
53125
108828
23326
17162
65088
94107
12962
157416
99925
137660
115693
33772
79962
25776
115393
52332
28421
77484
1498
72760
1080
155374
31373
13413
155478
129824
148312
55305
101680
128237
142350
113457
13541
147218
27289
50452
114733
15874
69769
153464
45501
48509
80076
131708
125475
10135
111104
41008
100289
64684
92962
47304
124967
158678
144726
64372
103688
9014
77162
2863
107056
28374
1509
76369
98649
84507
96704
59340
3589
20125
5532
152101
140363
54668
116057
38682
78207
11865
129831
12294
140139
60616
63557
2783
56507
59999
6685
31902
115606
31523
152559
505
13334
41407
106478
92256
118770
156931
125304
99115
116895
55583
15226
73904
158302
123065
126502
106900
95686
3326
72960
19853
99756
93260
113962
72418
79142
12434
4589
15510
92030
153096
69456
149826
149821
90926
93854
123989
152027
19432
110645
122184
7748
67989
119454
121344
19072
29312
145057
110804
122901
12052
145261
161338
78020
152508
22472
19828
10187
24394
155693
90703
156112
76822
157937
108600
20415
62774
116153
54727
115332
114682
150606
52804
152536
94619
48456
35359
40427
24352
122714
68406
107218
113840
105542
36369
157321
47314
99502
80593
160996
123267
18981
24491
104219
94657
55276
25998
10270
49587
98911
13804
66938
76584
6018
19696
112151
45735
137894
6764
32280
6750
139274
93209
35454
91084
149453
44329
98485
95608
23141
75947
44001
86624
141165
28912
143275
139344
107542
110649
142687
97040
91312
154435
17716
14699
33975
132550
57823
149692
151903
120641
45063
83899
52717
43555
90113
77673
15682
9725
25632
87095
59105
43589
83581
27863
130839
128508
150321
41695
96021
152965
137056
159239
77169
83550
96993
147134
73038
127956
158004
157534
132901
130059
90275
153659
114529
50574
105670
33976
61406
31760
136087
64
103987
159481
133351
104425
45184
126331
86902
65367
91856
110229
62634
17808
9039
107554
21243
91231
9390
78341
59473
160230
81729
43619
95874
100583
50025
17515
81747
62220
82937
136617
121691
141889
27869
147390
137051
94903
160183
84776
117573
57157
118391
107498
3600
14226
39575
144990
158312
158481
66610
149146
160667
107540
43639
42637
100736
100424
124501
38061
143039
81235
57494
56237
102610
121604
154670
148708
77212
29419
122391
66654
45609
133204
2006
83266
49650
146038
83537
117956
25983
98332
132609
150109
47869
158340
62999
108727
110740
137039
38614
108512
79417
3184
90933
17386
112413
43440
156706
102752
45614
132498
82038
52969
23200
156160
71774
26465
7689
7188
32848
54928
112649
156670
104520
129907
149973
156796
41111
73411
111907
15013
86425
109527
31540
60614
81121
19428
22053
22504
15119
15263
15545
157261
134919
11057
155452
148505
83326
76438
52967
90132
94001
154709
94740
73463
62103
112085
89416
57276
150328
72237
158703
70446
155899
28830
132617
18895
61217
81783
44804
62891
7856
36291
43578
117273
21839
142020
10847
43133
85125
126950
94985
4135
21702
146131
147305
92054
143980
94052
92022
160705
88458
149036
6404
42366
79213
149482
35949
68307
31696
57590
144537
83702
151410
115261
28740
141272
112245
45926
48943
127429
157935
88671
150660
92126
32340
2040
1070
77229
7444
62698
1631
154751
110564
137731
50292
80375
90798
148276
3764
54692
160848
22097
142719
99020
30039
157691
24283
136481
158445
157238
63577
148016
101275
40440
27583
75957
57443
97857
111360
104531
27269
94118
78617
20991
117809
143868
61249
131630
152752
111131
41238
66595
63573
98693
17816
147078
72048
126281
104851
51492
106722
160057
57123
32121
134030
46698
79399
159243
149491
25884
42866
153443
26302
154056
95684
21728
121015
109760
65454
94928
82967
48248
155560
52912
42819
50427
150471
41484
102444
53375
31888
14990
73779
13332
151778
17572
36020
36545
93600
126536
72514
10652
140623
26910
65837
64196
75929
146673
2003
145524
156745
124592
29254
19494
72561
58922
90156
68255
79793
137710
2475
14735
119819
139280
149583
103024
108689
43205
32230
58487
121868
21451
94901
131100
14193
83810
60188
90105
67248
30930
80473
16505
65026
12304
148184
86855
33491
4059
89787
129254
8052
97856
146654
8064
126851
93411
88581
82593
38232
38482
125931
62918
57136
154019
24414
156508
136144
1646
101578
64940
129877
136230
25046
75286
96471
102725
28280
132092
107998
6118
77523
158869
110446
45018
103576
78640
139571
105725
87327
123671
38946
89187
56403
7309
62041
127924
135001
157318
90664
109621
78262
129083
156395
151605
150672
11987
5815
29042
132824
94862
57712
111824
81204
34731
62380
124544
65397
61989
71958
133288
125349
80238
147102
53902
12386
152116
19906
126329
95663
11449
14980
155822
152942
24314
122778
143577
43366
144421
156215
38552
5690
150220
19841
24772
97869
8073
37191
66247
152456
65716
71090
151148
105135
55859
18211
94761
108761
151497
141620
16763
63299
120055
117996
86652
58235
57217
122731
68441
133861
24074
158736
110299
20432
29856
86202
100546
147781
125379
35445
140165
111582
49472
94538
7250
34167
42971
58244
36842
24179
158197
107768
102827
64883
16041
158591
26381
1688
152954
78170
94288
92144
17543
13090
93580
144215
79737
14391
98715
77668
67912
40150
64092
121829
1659
161537
160236
85025
136695
137552
95952
98229
129346
75888
112854
128824
39767
74933
1748
152509
110339
118339
152855
125454
12288
19076
124156
54063
41541
152642
22137
40429
59968
78791
122053
139556
40423
94823
89330
115462
32594
4371
39795
146679
26739
18295
68557
128133
30565
65074
70471
93267
17283
109419
131553
152514
21706
35999
158653
65801
60670
42804
46952
151615
106711
160028
154031
31755
140486
88340
9592
24005
137224
39416
4051
21495
51491
98766
11827
119022
157339
18684
17030
22791
118568
133275
100278
36091
140812
97853
28631
60835
117117
77121
99880
134599
53839
110753
38390
33804
138497
84366
159612
19351
147690
98285
108449
149594
124083
101159
155370
41816
155038
134664
8952
125214
142703
129837
158075
17681
121720
1928
13073
15672
143419
60789
126205
3641
117219
55223
113430
97960
145408
87146
149304
130302
144980
18493
10831
154775
31915
116172
133410
22506
40067
7382
4313
22295
79239
77266
5947
158801
15789
124174
138638
47034
19107
78634
65648
30061
78130
9958
106506
60374
28946
101037
17561
40319
34540
17202
125
35528
140254
9062
18871
87352
124480
117455
145320
119010
40735
72716
10539
158423
145306
91317
97682
60320
157188
101996
24557
46288
120284
61213
117171
103877
6734
58326
44172
55483
1873
79980
133088
134730
95129
113896
49115
71260
137699
11894
71975
112183
96766
19981
47778
8104
121910
56448
31465
98034
112323
109797
60551
70609
85497
60489
111944
16344
36203
123657
34251
155337
80143
159258
77349
7688
133544
160191
84791
105043
106465
113672
129953
77896
28831
18896
79865
105356
9731
138814
57901
54806
33944
147128
89831
42135
44013
93080
156344
25083
133545
135092
136284
50515
105067
146001
142062
88894
34587
127602
139004
83817
28500
101662
152626
41012
146730
58284
66995
31107
56721
158986
147860
95838
58294
159347
18052
36118
151751
124418
44771
50093
1739
114843
2809
16788
10529
139367
23194
97938
102380
18785
139763
141026
69415
131116
28959
122982
121909
142192
23015
121679
141876
62329
7344
130674
86067
90054
98731
55247
95386
99679
67187
77308
121813
76553
74284
71005
107111
94455
156957
125411
122512
143138
150552
88319
42743
97883
55393
22773
100029
29628
150834
74571
98420
26553
113216
134906
135369
125324
140063
63507
4783
54134
116887
119428
142550
129434
96632
150291
29683
54188
130613
25104
67562
75375
34741
106935
160011
102394
80080
117269
150540
103073
133165
14428
160859
36943
141771
3761
142753
10451
117683
473
135483
129374
118044
120396
137269
155775
129418
16109
15278
80798
6461
117507
56928
96595
1633
65592
33299
57854
138944
120802
64146
73980
138803
128886
76036
18503
104083
137622
97107
54255
122972
69031
84076
102826
118415
138519
96344
44993
95676
43830
146886
92931
135430
46705
32976
120207
64145
142047
12808
71143
9245
38537
114502
45972
94654
27473
63434
33899
20547
47183
91544
61018
83279
114169
160962
149096
57819
63385
57377
95734
120992
83422
115210
55356
113827
130141
77060
7140
119248
160368
148081
82039
23005
43119
118227
136776
50673
54221
111426
127024
56827
31521
119603
66083
115081
16854
102316
150190
111064
40765
69103
54917
23553
44848
50945
15430
156954
133384
154513
31047
135079
53815
148033
7757
94457
115721
76766
99224
129283
8130
31558
89546
121972
86836
67634
16769
160551
81371
160834
57839
152014
105442
140524
147415
110580
23536
115960
126598
120444
35367
125967
47705
127534
18865
146823
160296
33517
104036
149896
99048
71993
57420
61149
78579
154702
138642
27723
6948
129463
100915
90225
81903
92274
115460
124018
26372
142213
75652
3711
78394
35623
140341
21412
102026
21814
141317
148715
52913
87056
107788
154974
5094
113350
48117
110057
131537
19128
95423
123153
12014
23248
43614
123581
156896
79875
94533
303
18540
115685
61228
121984
43490
14738
20521
115510
99100
48293
9177
87303
19015
147470
17458
120316
63096
26116
78884
26973
71898
55792
27245
48501
88463
55045
101644
73672
154231
32731
54735
89936
119448
41277
145243
124238
4519
9335
71249
126901
77299
35289
79006
317
39572
70626
140292
41139
70568
28334
43374
87192
159831
82784
131562
123908
87962
8178
142799
94531
113815
103059
105387
90463
110173
25207
24603
107955
10912
76747
42178
96707
138279
57337
138334
102110
67631
124767
28307
602
67844
78834
151359
120101
139459
141012
46497
109202
48724
55936
80597
106984
152635
22345
8207
38002
28108
97611
21894
72675
91258
103655
148212
48424
111151
50615
256
39614
70687
139361
138865
35320
141668
4426
94322
117622
135768
94098
89851
83927
141303
148067
107094
8133
37550
88673
130761
104279
74226
25298
129024
140945
87789
124847
73791
47781
8119
37448
142281
44240
34755
71331
40742
109605
22574
142923
12179
1991
149426
107850
16152
154463
125274
1881
105631
119484
129752
117172
83234
26674
49416
36053
156585
136342
70188
53806
144002
116564
63051
9468
28712
117847
142712
123924
110286
110091
121065
40245
56528
29763
37234
8643
150748
103671
134412
7828
18904
107123
94541
93995
158692
144798
154517
139269
107384
37328
140153
93189
87640
75755
3898
32628
42811
139191
70128
157437
154317
154336
130265
143833
3406
110938
117195
139544
45313
101599
65905
132488
14060
153461
26367
92342
53592
136391
31926
138441
105297
159846
158524
78514
90442
105345
141788
23052
43733
140286
48646
35234
126300
86634
37378
66510
96754
118973
137482
11342
141458
82623
9878
78340
152050
159559
115446
21929
60322
125494
150177
120911
140701
141456
106552
75147
36561
23888
127999
97560
121158
28070
37033
24173
24687
128321
53874
22344
13941
112532
49360
101012
160338
32819
59524
13734
73137
65688
49355
72176
74206
125005
157074
126208
32708
31994
110030
86088
42279
78788
7569
149072
31380
53757
41313
73815
126328
67767
3164
24995
88753
32876
43369
87179
39306
6323
78656
141469
83572
51336
7383
119415
28623
159851
82859
90619
89136
131497
40135
107875
102451
22732
148596
4923
47013
106368
51940
32828
108889
23777
127549
53527
78380
17338
95238
81931
22621
120065
96131
20488
91099
7398
34719
99982
8963
125242
75979
150719
147748
1300
7873
36363
61405
98321
7980
128846
71305
67706
52441
124063
142452
76322
94049
112862
128841
75330
53618
118573
145164
63858
90092
151408
89886
42190
111156
94534
60122
157363
47894
8358
122975
132273
158267
119411
26083
130245
48
68058
46612
94414
35576
53909
105339
24318
128005
110551
41404
46942
26668
49401
136086
155750
35966
9512
19121
53073
48858
38714
93703
121277
129182
121239
34303
77149
96807
113258
44132
41498
74155
94380
67354
41105
73441
139857
87922
34147
72949
50338
120517
34061
138506
19371
26159
107232
852
98801
114264
119181
22493
39985
71345
71388
93330
24706
157243
46485
125021
115744
10232
106087
139762
87509
56443
1146
34626
114981
11511
109628
40691
78431
36610
117952
6029
63417
60326
78398
119378
138526
80837
105115
4618
136099
74843
9257
60550
80489
91119
113217
3695
145553
157476
118535
12235
83545
140512
111153
142961
119147
53590
115553
3228
123647
118317
143226
4057
133401
4769
112118
127804
38611
16249
154149
121393
80014
75487
35128
48588
19632
53438
19389
141223
70533
85285
30557
148734
148735
98488
18101
31848
151315
77065
73997
64849
69351
80903
107874
73656
116836
73623
121601
65811
30315
44742
121617
18117
95359
136816
61968
92871
612
130046
70682
147910
518
96356
59089
33386
138034
72113
141607
18153
76229
102466
161104
69226
13064
147996
5268
26458
49071
96077
149533
38088
116963
151297
14971
141032
110892
39297
144510
22959
125821
159238
91688
17137
58799
122508
39556
115307
147851
95818
69147
153550
157356
68744
4722
10239
160843
49655
12739
77376
65989
87851
41533
2295
46171
115072
131894
27098
97473
74777
15709
14001
146494
91676
106776
118009
56639
116739
28637
125197
75535
2201
106955
29914
113836
58042
105231
132207
126947
86551
150892
147541
62231
17174
75297
106437
161343
22984
63516
31607
157888
40193
13120
53255
109158
113314
3010
91482
121063
39159
85371
65423
82114
23273
124262
50597
44780
78123
101870
105746
152728
91100
1642
101562
43897
94267
94854
153258
82888
25553
113189
124697
73393
34313
141785
126904
128628
66756
43325
150134
84782
3166
18675
150482
159588
80512
152139
84140
140213
62221
24408
75397
50083
51237
106381
158702
41531
74211
2729
91639
157939
59032
94416
105749
108816
1439
15157
87708
129060
120806
155886
12491
76257
5281
23124
93862
101537
15054
144427
99027
54782
118662
137547
19541
42430
79540
26714
28834
29719
133601
97129
37703
88807
63168
148524
47885
16045
51779
670
38600
81882
68544
81997
15511
157173
126776
9180
42781
2224
41230
41944
96592
32545
7761
120801
78722
137378
69759
155676
35613
92418
84331
33758
121447
90581
76499
115971
141892
74628
95247
6144
58984
89804
65537
136714
142421
82485
97341
28130
127784
6399
117243
107465
96561
86337
45963
109007
128352
7384
116256
1635
25530
76283
36983
149477
35866
6597
117513
135540
153136
64917
78838
71264
160054
154107
116134
76481
147670
131070
98396
18869
55066
12314
120597
9143
42677
148281
45423
102721
59754
28609
7576
157605
12716
10920
137980
104941
35328
75031
95967
68992
112972
131811
14676
78554
108491
88024
60450
79537
104748
122732
34351
61963
23807
50401
59734
22705
132685
70781
159130
160445
124542
93015
44987
8802
40955
73129
88769
69375
37258
16320
160423
132326
19935
74832
59529
52878
40153
69220
81813
80831
139347
130467
18747
80012
15138
38262
68018
68060
40374
40867
96614
18226
96709
147337
4476
22864
125782
99083
74225
33794
61124
34174
61438
115263
132137
67870
86056
111732
139201
108378
147626
881
101584
7354
16544
39196
27095
33891
121256
153803
51705
109289
114192
3579
21933
37040
18102
76425
120561
2455
59451
62655
55112
47856
28993
89528
75851
4226
22699
42203
75222
96362
27177
120595
121014
88221
2510
141330
159478
150993
108317
77658
75793
51010
141968
10249
61372
32070
57788
42161
131030
104863
9655
421
11860
23670
34952
95855
124742
17627
96335
85992
88285
71110
1307
118682
70906
126753
101711
122004
135331
30643
90061
66736
76073
79280
77953
101576
84543
87530
40434
144568
61185
95707
160680
50184
86790
92315
86204
30842
134841
48925
88210
134889
28546
12119
517
60503
93308
129040
98896
20573
29132
28745
149825
125121
72308
101775
50610
28813
52770
59086
75352
114132
120983
158282
74914
15535
5930
48640
107592
120734
48267
115542
52602
101757
87964
78792
151074
119420
141006
66837
5463
70423
84984
22011
137057
107067
53946
3181
96026
35656
48163
15416
41701
103310
57755
82060
12099
73022
47475
95324
74237
34488
62149
85343
118979
15533
47234
117311
66008
74604
13071
92855
129480
109316
27108
119116
138163
41352
158297
145613
14744
33535
29208
53384
132272
99895
85297
112062
37150
47716
9672
83008
9026
125403
9870
127476
159702
95939
11165
73293
84500
122811
28933
132728
134572
98351
41737
75283
2743
124053
126451
76911
90023
73804
93652
66263
156045
119311
153983
41308
18411
12385
68071
25734
88682
50360
13884
63266
137721
119256
12312
26090
125995
36862
153211
25449
13351
76978
108438
18543
13188
83781
109217
108798
42090
61428
10599
140856
65375
51731
10071
115439
9511
51923
17915
131308
13054
11789
13008
75443
122616
68113
11173
19421
22020
132354
110718
130319
52701
81954
116507
54644
84313
23753
45150
26399
22027
142413
63569
121067
93388
32789
112137
13605
81513
57053
135682
32932
137081
115978
50084
107929
103499
74441
94929
90832
75855
94058
158876
73333
92622
109213
15554
5862
12343
52190
37937
104776
72265
91711
79961
149338
7365
52081
113628
107962
129354
134462
49557
32123
10310
4750
19399
118915
76112
128776
124750
73591
93161
46463
30073
133969
147165
109467
65739
160826
24420
76192
2341
105242
101742
99657
118699
89959
42114
155067
28288
97053
19802
153525
83588
99958
83801
187
102003
146896
92957
160896
30824
89273
21574
35268
36873
3738
91527
128764
116927
55641
63935
78829
104134
78560
151034
74482
144434
57793
160203
108116
62300
93863
18723
93585
94631
123696
32516
86991
97526
148930
42297
78869
11597
22017
142345
72845
91596
73650
93277
88175
81461
86358
160695
113164
129248
95750
113222
154054
4799
597
8618
96040
329
33166
137800
37270
153516
9166
3374
113172
148620
2831
93564
140902
126689
41469
74077
18203
15595
94671
61511
38840
69019
62243
82795
65622
94094
90788
84399
63080
127411
133407
129930
113228
151329
11631
92760
33222
63941
152669
15708
135057
148357
148193
149340
152656
103631
157602
54109
142657
155860
141312
18431
43857
80221
55399
34643
26107
126582
336
134872
28476
88630
103021
71768
88737
50908
105806
71727
121857
9694
128220
97402
110051
95589
12018
156902
94258
68319
45831
99454
38096
136913
122565
55925
134699
27780
51277
51368
83449
150585
68335
44312
28255
68376
107916
71865
69998
83630
94080
157540
109301
102961
155573
35279
63367
59912
108951
114883
13861
84885
28652
122235
32947
120691
85222
32929
75296
98603
114811
101642
94068
580
22463
123752
73753
160817
136989
101457
10734
62204
87436
111389
100497
73238
92305
153990
147872
4173
110457
88396
25926
32531
9025
101274
77924
90344
57875
151178
33629
140696
62983
48463
160730
147319
41143
8843
41175
91474
3246
128184
14549
41155
81195
77891
82181
111706
276
111093
137072
98385
126718
159652
107288
24769
18459
12651
71244
82400
12006
752
33355
60375
13380
36015
85532
108792
145562
87849
146239
13732
137669
137788
107321
137901
76989
105407
63568
51715
105797
156750
124608
119666
106048
136516
54430
45031
193
142911
107267
153175
56365
128026
53535
66431
145608
156951
90450
90457
145601
152272
89375
57011
158471
111339
136137
17497
158415
26658
127125
73813
59688
18127
29582
54039
136584
9156
56376
64521
40851
17620
39886
71173
129402
53734
57956
44560
140767
115698
19142
28833
18358
17939
29051
143108
139411
2562
156132
35658
16717
38077
45426
76403
109841
31627
124145
103893
47883
3921
35830
8925
146658
135615
52785
153998
29030
105406
138240
73115
7999
97185
115234
132102
68943
1403
93170
30864
93016
156172
38188
67905
28904
19200
129090
41562
93030
38457
143448
161350
124144
19971
113132
26151
61178
3905
52114
15030
14832
65093
11258
130399
125779
37131
131028
7989
92042
153125
34747
159901
34708
92279
96967
138381
88582
129409
143709
52515
89490
158039
146572
29478
116876
41891
76398
115168
10192
54833
133193
111022
122065
126464
79639
104968
115611
35619
102050
45825
136316
28547
103003
43673
70778
86004
61134
5742
73938
30937
81913
149156
33530
123554
33574
105911
28272
158541
12419
148447
143971
152285
106364
146225
314
152465
99324
31441
5243
28210
51956
30466
72066
61552
55255
9478
39383
20533
64548
134175
78681
26571
117570
135722
154202
157029
112477
92701
85376
64837
118711
113361
48148
149685
121756
37597
136104
97639
121939
66560
21037
121660
94588
61175
148414
132408
47456
7175
77770
125123
1433
8431
153801
9654
136729
122085
1463
52436
125338
76920
155945
48123
32941
23209
96706
29490
91921
23345
72397
49006
86841
13089
103829
76598
6063
115668
101789
93146
156544
149884
9598
126865
55029
112993
47457
7230
139945
98227
48055
69512
123872
47879
105625
130955
17225
158179
40731
136297
16304
78110
9918
86843
122470
127027
101843
33947
89532
83464
78870
74859
114801
150294
10731
573
97718
110922
39517
70526
38218
111317
46062
10580
39835
105277
101624
23179
107057
118669
59722
104118
72192
111084
67766
8696
131426
105357
36991
141828
15550
157286
121040
125790
5541
48591
28184
132005
1521
110563
135976
119583
15352
156719
130028
102468
38020
67642
148090
75676
41923
81573
4513
154859
32338
90850
110044
57173
58200
19776
93559
84184
126469
8083
49793
106919
104212
111439
121761
25848
27067
118102
53639
126092
77499
30110
61841
148083
157961
13853
152956
24392
118104
96740
92140
113953
49281
145790
121864
92865
74011
145749
87730
36941
50784
78283
139940
66593
38734
14574
118145
68546
54454
19688
4431
139343
28383
132190
110962
123723
94293
153663
17454
91728
94093
149883
101602
143255
376
8181
19159
61733
101397
59456
155967
71150
133478
75314
2861
49012
47243
126493
5384
2600
126632
159161
113320
94374
126644
126648
91063
76967
6892
88548
53289
8528
9104
48280
157521
132760
118094
58280
18956
25946
159711
21134
96634
98866
29293
133108
21053
118151
58429
54331
85768
60314
27698
101862
156365
111375
59733
84314
116813
134334
28613
126619
148783
5637
107716
40629
72490
50500
62651
55096
129304
67285
108564
161509
63184
17078
72362
90690
74885
98324
5386
34812
51629
159120
32176
40405
146015
21940
121689
157369
123794
145439
40520
54825
77537
100657
122966
15204
156348
39122
65879
34627
9032
94532
38742
138280
22288
141281
70858
96125
106254
89718
65484
65491
111861
95725
129320
122746
151123
17062
94115
98790
28942
94852
77678
124388
146326
59989
11023
107706
152670
8707
89837
62758
55845
75490
152269
1562
34867
104394
118354
19030
1648
2821
150718
90496
98021
158094
16360
114881
51374
144280
16317
66680
101394
56315
86285
133404
117265
56306
43468
4382
153708
114671
155765
147754
36673
79189
6286
116974
86268
132043
45362
125926
94507
105027
137965
12899
102728
32291
77325
146562
75898
157431
25872
17086
1892
104169
78797
146557
32173
1046
65718
80162
15998
89942
157408
64306
66960
41578
151766
25440
22041
17203
103079
110643
143805
87455
44746
36087
124351
71751
66243
17092
94284
58657
161162
88308
32766
12562
6221
44952
133848
126400
87449
124011
145810
138517
91511
150955
9702
61197
49494
90736
5735
91747
144496
83576
114882
51376
31931
136282
17640
86844
38069
110031
119011
115656
52827
126652
16507
153661
19395
23051
88846
29630
132169
160542
80961
63505
65868
122570
101706
46707
29740
54275
138618
123971
116354
82154
104145
47696
83638
141464
89988
141199
159706
158182
156704
96968
56222
40043
28871
93798
155285
110830
25627
26404
71807
50498
6635
20544
141643
9297
84116
116132
3031
15135
13828
78234
7003
89926
64043
65506
146265
90979
148994
6238
22797
161154
133492
154947
111619
1661
16101
106356
13457
117655
74794
136653
76199
20653
136654
107453
6786
110470
36578
114040
50129
140795
136120
139495
134197
37620
150704
36028
132041
74047
94171
159365
150204
78396
10493
88172
157401
123948
69506
19780
79157
97512
21583
148647
8922
125103
131459
102037
110337
22747
8724
119684
22338
54195
23126
115195
99045
54872
9565
34427
24264
127937
93422
9289
43112
150823
102374
34140
61617
36589
141401
60748
83981
86269
34347
108275
157310
51842
82248
714
30996
12992
121608
80637
32770
33527
160001
30446
5196
26199
42052
83978
63406
75135
24809
63754
12260
75230
156359
69723
103078
81829
155352
119951
145900
66687
15340
73073
100522
46203
95764
102239
30899
143552
87965
42016
156576
123906
116206
44464
36620
88910
37741
147221
31217
47880
86111
142844
339
62978
92233
23977
17798
137853
125244
133419
26387
17291
92291
98751
77510
146865
67875
117102
91763
95564
100504
37435
66599
96806
46058
3381
3250
49441
75341
81775
96903
65186
147707
12311
148398
21690
30055
97123
124250
71745
130525
34166
94984
115617
7744
60977
59151
119001
24445
146004
66341
65044
93776
91819
84029
29241
89092
55389
108500
62830
13595
72941
142159
135491
134959
160706
112964
47377
129023
113224
108097
5640
28197
57211
118899
127475
101427
86672
16966
89545
66616
9864
68523
51176
87665
136748
67073
138950
94902
76034
25443
140552
2376
78104
9906
19310
139958
123480
61329
34710
144928
105252
159755
157235
62025
114066
146701
140734
139747
156629
47486
93002
46517
4455
98717
16615
911
109882
118076
132696
9786
5342
141719
58198
114997
27443
139315
29416
136073
27971
53656
156240
73046
63843
274
70678
102014
19191
101586
126808
160403
22988
153820
63905
96333
85948
32625
126777
9241
8186
87747
101904
105008
77695
138939
40370
146606
137050
38640
139508
7304
19122
110642
87469
59035
99627
36690
141493
4352
108119
84773
117567
23868
88633
103107
144190
152977
21324
62545
44261
148143
152618
110324
66986
99187
161076
45215
30152
57779
551
4309
69203
28286
54736
109021
112601
131772
52847
86192
120778
53910
83694
93558
71164
91906
140928
104714
153930
43358
28548
112107
160616
118407
137095
30034
104524
94045
141024
144104
100364
129107
63446
134665
95282
37989
112330
86381
13623
61409
108682
60351
56963
32156
90104
80780
17661
65746
107550
22727
20644
88763
67452
77850
153462
1683
34556
122314
151902
94865
108337
145782
64801
136460
103999
101052
4514
33011
129952
29670
54177
143703
161316
91641
23119
44651
39957
157294
99056
60133
70178
126767
148791
7151
94662
150789
76698
55260
55868
82416
26292
90509
146366
153273
136115
56441
110153
87526
15434
153207
146158
122801
71785
102763
49265
86292
112839
153407
12081
94490
90404
35075
35424
119738
67691
137574
307
85027
93586
19094
86811
124140
12834
77810
88472
128622
5348
26832
143903
145989
55010
20514
115464
78938
22285
122976
143879
81329
17522
93682
5680
31597
126558
69611
3993
108519
41357
137942
125437
31835
39396
70175
135710
130000
63782
37290
81956
43222
145962
129474
114715
130372
108195
156638
33563
37654
158207
79473
55491
93437
16113
90445
123428
74913
95761
110896
107713
137768
155532
35143
63021
59304
4013
21385
131527
46340
36250
59396
158386
83061
118174
145860
11185
133257
36930
98870
1680
85408
138177
157748
55944
88417
16943
160933
157932
56482
30318
18572
13451
99331
19734
23958
104412
122436
102226
102217
102218
94999
5333
62925
113371
150093
10166
99793
119244
23023
65362
148075
9631
53742
161170
87134
13345
132886
118525
70456
102092
96963
81010
1673
143019
78417
63277
59320
123602
70711
36082
142049
96164
158261
129983
139505
55265
60777
57474
156149
27939
131750
86386
107544
4317
47969
42270
78695
17533
42654
71949
140469
47567
116009
35341
118804
45474
145013
145049
83590
123483
113223
113633
76827
144619
99928
51837
124318
72467
2281
2867
137944
63650
93128
88182
154884
93985
70230
21205
18013
59129
123060
153968
63496
96946
160701
36103
64538
46930
140157
108532
44088
39740
60953
93458
131236
25027
128676
152206
33130
148880
91443
2909
22896
125414
121833
59450
161283
159778
3040
107708
137462
40470
72219
158659
38279
41886
50079
23721
88469
34698
100012
104908
28892
140764
128112
134095
47267
2956
61444
115671
109105
70598
125485
110190
63273
84389
138228
126079
54126
94054
49251
131442
151868
55687
157366
12801
145208
14409
116778
94857
68745
58056
36117
64560
6960
146849
3186
63042
153518
26685
96644
50910
22733
119508
1580
133054
78973
24512
141177
107078
45178
65353
157692
119574
61629
126252
103487
157743
114600
103229
90136
67868
78903
103189
141502
35269
124184
131994
134105
17382
128983
6831
118377
93675
67565
158087
43089
135874
119063
3279
114789
33649
60791
95518
159910
91395
114384
130948
8331
55672
70409
44969
13075
99485
157510
90279
3182
95341
73948
89883
58607
7123
145569
48783
28897
132027
73381
48648
43990
28585
14224
14241
154012
12035
65877
9771
151961
16052
161194
134848
109609
35231
159035
75574
97087
109107
113017
47490
40681
157593
71836
152683
108958
37981
90486
116245
66038
101418
136448
65533
32083
150060
47082
98743
108845
61530
43765
76840
99387
34356
61978
139582
28090
125202
148234
60995
112082
150356
27062
9590
148704
34216
138868
109870
78208
58140
149581
112290
140987
2149
61096
154042
95814
123668
125395
8103
93802
42941
115076
110819
122996
828
52030
17262
94024
101072
31877
140032
79571
12978
107548
16179
66161
65654
126939
156614
55674
151623
124247
112087
50713
105568
155926
112511
107276
95577
106892
112354
75867
104180
96013
133039
42700
108785
22722
73495
51519
102955
142618
76960
158696
12802
108372
6230
16779
70760
85892
34965
25342
152623
101195
125492
80983
87499
118980
42622
58709
75944
92740
134957
63139
125236
75967
23218
36967
113622
60361
118830
88288
126684
36094
140814
75442
107985
74594
61808
132816
149979
7399
120008
53149
93353
37971
45632
64380
128300
3691
146575
97583
141010
73655
138523
24740
121805
54200
82513
279
3007
5848
128591
14264
132469
18558
98668
23047
35615
49462
36416
141779
130636
91093
77117
7242
152172
16816
159252
123664
7685
10588
147741
79245
149460
73845
138818
22289
38807
124630
73226
151289
49440
104256
104779
47505
23057
43767
42563
40863
122717
63287
148733
136329
138980
152825
7343
157504
52337
158163
8616
58775
157727
130218
33989
45620
96502
76079
4856
46386
86066
90769
42217
10480
13247
151461
96443
157817
135107
16425
67828
45369
23766
9457
151705
55431
77458
103361
57339
17830
98055
1060
47962
137068
109269
26797
81013
115829
107251
38827
68999
123224
69626
107703
80886
123516
144863
8720
80139
119737
61897
35723
46538
151090
157195
5292
26569
160009
132740
140078
23707
107717
27833
127243
90033
55915
18306
115420
132322
41478
39787
147083
50450
75629
52293
113852
3046
32926
72718
122568
18658
49610
12647
76928
102767
7566
109487
55955
51393
91569
126298
143855
28978
19013
77321
41191
137117
36540
144393
46547
156572
40078
67050
96627
2753
84096
116079
27646
119971
62637
98677
52088
81331
38912
8880
110515
103211
130069
49805
93881
111180
65313
145687
72304
138802
113888
155727
26121
125444
149912
101671
69299
115701
86294
113767
57900
64367
77112
99876
119418
5267
74338
150
98800
12644
44117
94106
77279
100098
100582
94143
33605
108291
60818
111697
44799
89616
57147
137730
59154
49913
13669
7021
106144
57410
964
30806
89201
96780
29334
16957
154721
31778
6383
121007
64543
5309
10132
144027
159747
73085
92005
96864
108394
54166
87872
17804
121734
108407
80289
50708
47724
128771
5706
146084
84579
72307
89473
88264
108848
49781
29725
28746
114916
132503
108112
105172
154533
117383
23174
140293
90767
18535
123590
145028
87998
39588
104502
50304
18908
948
6273
124464
72822
34676
3032
134966
136797
28812
63924
88342
151839
61279
76354
85700
91903
111008
106647
159735
45370
127919
110018
47523
110317
99550
32536
102427
157495
119090
4203
33907
64083
100254
116253
12276
143972
152539
111494
17558
155572
149407
54000
18246
61218
155598
48200
154598
117498
98968
158476
16093
115372
33686
67180
87003
110506
129056
72984
19498
96586
16990
93835
130542
158985
18418
53629
140027
41249
147021
27676
21856
59554
150023
102870
2176
75350
96705
64526
33873
11779
89790
8726
40632
113954
49284
56348
125076
557
26333
149686
131063
145907
81973
56793
155261
34162
119619
22115
37826
146722
95974
109543
39550
70580
75468
157309
74114
26803
71457
156907
51802
129612
76807
99302
121962
142276
148412
4161
61455
143161
63250
48544
98698
34832
50213
13631
3297
51451
63867
119957
109904
32196
558
40820
121011
115092
66006
51910
74602
115730
52985
119467
4044
112939
9332
43219
109753
52494
111911
3056
64685
18964
81545
114160
8648
132917
95254
6203
88205
149983
80276
86613
48647
114498
100800
158349
52029
107473
31238
113758
59429
149682
68771
11516
160768
104745
152790
23513
13823
117880
74132
111202
20097
26324
14722
9946
78948
95716
85793
26161
102018
133385
75368
160784
61931
136330
149811
114616
41331
147752
95547
11041
90066
25277
129001
88412
157463
3893
118356
95268
6295
36767
141566
102808
122995
124305
79373
161265
28571
28581
13138
734
53583
76029
4721
104618
135513
95164
5516
114649
105261
74813
52539
47708
114860
80600
17007
161017
138677
12774
149609
87451
140518
111015
124100
92897
86198
45865
130462
34949
62764
17230
102367
110503
135935
8650
10112
9627
1560
147624
9678
21273
6544
94780
135555
104030
149871
152252
20597
21288
101675
101749
97317
109824
120217
115608
77023
17669
129150
63831
96890
148789
106180
96954
62012
41502
74158
32859
99041
36648
75446
95316
43194
35106
41543
21639
63960
22155
41070
92308
13182
29081
118056
3896
61847
108921
77463
8046
37061
66016
116292
65750
8033
37020
101042
38751
3047
120411
90383
70604
49668
12760
139195
53851
22247
137784
41648
10964
145468
150874
19367
21444
62274
144295
99559
59015
68847
12854
39996
145552
143646
111025
8819
41201
73593
43882
118408
100685
122917
157777
64082
38102
155295
11188
147702
103191
111310
98296
122189
145914
59710
107306
86602
121841
140287
120436
128067
143705
91745
151938
4551
4687
43506
127305
69281
25756
79500
104653
143501
92213
4525
156513
145257
80319
152166
151937
145579
161178
44384
84710
21174
40946
24941
59298
98753
28806
28345
52941
102310
32353
143889
120103
119254
140478
81529
57421
120890
15844
52949
107893
102929
148896
90288
122433
117685
35479
75469
128767
153466
74508
589
150207
152704
142245
64056
73299
83806
28490
78667
93320
93749
155411
99017
54734
132582
106511
18913
46719
112603
7963
102173
50087
155
27427
50661
104669
81817
95440
16008
141526
72559
30700
134684
96927
157768
30581
31841
52642
61744
117417
56716
97607
21885
62699
20089
130032
4982
152834
73776
88467
48835
93850
143031
145443
159989
116357
96733
37353
67838
14630
24887
54181
87702
124635
145666
33246
36063
113145
49221
49771
12922
150130
102118
156295
73935
122894
138407
138587
45878
155515
147195
161483
71846
24835
155799
131250
22995
127435
71724
110270
121701
121831
13546
108225
44114
61114
157020
133866
59951
147298
133238
36498
17302
90124
60125
28802
108820
156480
123607
142210
143023
69161
101498
81194
152115
94670
143159
126256
97396
36241
144716
97305
58178
158406
74315
60655
54738
10060
98031
17731
24577
46311
73281
66443
106286
128683
89897
144783
10033
119122
140680
131382
12969
133993
58718
63663
22624
120620
34725
72097
52977
100406
101474
115100
144918
23762
159540
79988
99023
4511
84682
115327
117428
137579
110599
124458
146437
120843
26057
120648
152886
110976
39922
71255
43335
89657
97920
107474
132666
103676
95776
97110
86177
133255
42520
147017
14497
84793
92123
30276
37443
142273
74445
123101
111511
44474
58259
73692
94270
107070
108236
59703
81074
34658
52232
112518
150653
143547
114920
85110
55370
100058
35048
11479
43561
89111
55601
129679
159314
100204
77916
122208
11111
134952
116287
52899
41962
99203
115196
57241
60024
43513
30577
55750
160617
65834
59715
38076
49582
103809
76456
98814
23582
11129
143596
160572
149923
9706
83371
114375
130944
108028
12946
16682
50145
53769
161382
52322
160710
88373
952
106189
144077
93887
71512
121925
142212
128439
44082
133526
23539
72033
40414
140684
142508
114488
22466
66168
139368
10364
152136
144480
44437
73400
92789
60864
32422
58300
3847
149149
17367
75101
132588
91415
104683
101797
140274
77976
120619
26978
49438
55581
114057
78553
126359
39115
13933
73684
110235
135846
97466
136269
126811
92882
35582
103430
146768
77275
104586
142601
6666
130024
112574
115752
80277
93904
158387
11831
160406
104747
6377
30861
93311
88375
123032
93359
88486
40426
5434
27180
145846
55126
118880
44539
61150
137210
39346
14626
154964
116592
48286
43635
61991
143991
8435
35689
124135
99681
156573
36420
85061
146091
85055
32368
108031
12979
92459
25862
18267
19993
32084
28386
124258
146159
75524
119296
114089
49571
38225
65957
23897
117003
149889
84582
156626
30868
40310
96866
3195
106430
158877
51320
20827
76878
88240
156916
108052
11761
145134
41434
147250
15189
149291
151514
7085
15914
4389
107744
69839
7773
35906
140632
98071
107665
149651
30639
100055
34202
140989
81827
22082
67126
54588
103418
92149
104721
116672
68894
108812
159186
89759
134177
72609
60996
89913
27491
10110
108681
141650
158098
4231
42055
149502
100329
118394
152316
109761
56110
25674
105702
87258
123544
143776
10893
84127