40657
123845
87667
117491
56436
75483
118178
81106
20860
41320
57732
10468
111536
127151
400
50737
95029
111255
22939
151402
151177
133994
74423
124020
121516
143004
30363
131096
133616
48299
84970
54796
133083
67495
99973
82971
145131
49151
95387
161118
34049
117696
63074
155305
60249
29755
63129
158134
86385
96408
141458
105954
73032
97858
49101
103449
18203
19927
19928
133096
58196
155893
158251
146727
146000
96028
81781
62212
143097
74893
62909
101654
136207
35576
106268
63305
33932
65856
34480
81382
8090
47358
10821
129154
62259
76762
54123
62227
10328
123511
51481
59997
104461
121032
52912
86865
108685
110798
147336
116579
143881
115439
125707
108964
30143
75064
107954
127989
43534
132293
82319
17053
107944
20425
65122
149250
86044
1052
61867
151113
15164
31646
160952
129930
9432
64396
57578
3454
116337
28476
141793
113924
89127
65824
152330
137392
158275
96886
132370
16375
66524
95625
16895
92295
109853
107402
121128
123231
159630
69452
113920
107095
82243
150385
73324
44886
111420
57327
124219
73938
88484
58336
134056
141295
16053
150959
157598
45836
130346
57659
146985
50278
116073
97843
78759
155252
36609
100978
108077
51030
121422
129163
143140
125991
52858
16734
48657
3884
8426
34090
135469
123564
70613
85510
106679
139463
139041
103165
72949
150343
9232
59556
78207
35233
76809
139411
66508
21832
84080
49478
64034
22511
19202
61633
141908
98855
115283
143546
96300
11043
56919
72259
62302
158353
138873
150486
67435
54368
2871
43052
73739
22256
33076
9417
67666
24083
52307
20217
131830
62037
141103
110696
64827
62031
142330
106214
92965
133328
22249
98882
61461
48496
60034
18632
142334
25576
156597
30510
132450
109016
89903
50126
99651
63540
56473
61846
48168
55004
110088
157396
12420
86973
143065
74041
24899
65446
84002
108644
154584
67597
73839
92821
76351
6619
130922
35003
124068
78271
21134
51855
9745
43554
149835
13376
62254
30731
120582
152039
3605
104859
5548
127504
55875
128260
32198
101528
72409
95112
156212
55540
104308
54605
54822
107001
138581
110383
119102
2896
139892
59629
91867
52469
10462
76203
128353
53770
13758
91432
127532
54196
57342
132150
99942
42017
153719
106246
129561
20070
135843
143379
127560
118892
105372
160348
10442
89813
154478
81337
20282
53143
151549
76877
119888
150114
48399
113399
61269
158015
53415
130845
140352
116649
111199
151477
21655
101364
53606
101796
87442
92983
19946
102811
130919
33794
99013
161508
63997
145690
144006
118920
54251
15753
141444
147998
143840
103082
87670
104190
143715
36612
151979
68645
57998
4644
72065
30905
134898
2276
56221
106273
148943
33168
73746
46654
111401
54289
161113
67777
33669
119722
2149
140188
36184
131697
103626
6389
77813
31878
33130
40967
42666
133864
10061
157205
130155
114236
56273
75037
135254
140973
140975
149105
137571
137572
85457
99602
112651
81876
109948
143871
69360
98011
139762
43488
60952
139671
52025
82429
61000
90722
140979
61428
64029
64646
136565
125026
139701
98702
52772
37671
117410
155009
62670
89372
117439
64364
33316
116655
95844
10511
48419
153808
64726
70842
63575
136371
138398
73426
63564
97851
156640
45216
54426
82049
111056
150835
59040
5957
150635
63535
48277
152561
60747
53808
72056
7551
106204
139405
90774
150438
138704
54204
54651
33857
118592
103795
147692
133152
7177
125375
27070
48909
101497
69144
43715
146758
3259
94516
81172
44180
5695
40894
22032
3271
124763
19409
25804
55398
87202
19414
95
100844
89854
79979
127138
158805
100540
109877
138793
82665
52155
113942
43051
157850
138943
158541
141416
139962
97327
95704
108146
63911
122401
22623
67095
122428
16360
150637
65088
125671
145720
48696
101269
130835
133871
139486
73014
140244
140250
124640
147604
100642
43057
47482
123742
145535
62839
161267
71577
40716
48469
16394
51682
26360
43792
61197
60940
99697
44334
86770
66357
93175
16107
47789
50964
2032
21143
119185
38095
143439
158899
14489
23535
30408
136129
139493
47832
48129
9740
100049
115606
48147
1957
70129
72154
62732
43509
138769
9422
87986
1238
69190
99209
111390
128
88875
11122