138370
15347
52758
79064
126892
72836
148066
68883
13655
44391
127245
32239
130780
35713
73892
29838
146224
49972
156781
85279
118767
134777
22997
103602
54771
18604
124172
150013
79601
16049
125989
18052
64234
142003
127108
52688
44341
74862
80248
42639
127262
50771
69453
138607
64021
61760
151253
129483
8852
15995
102273
8322
48932
23822
113928
61058
5176
29989
74279
46009
130234
53699
107279
119893
280
96719
83711
50599
82193
109313
159718
75737
97835
116367
134418
145447
88462
29668
133681
143290
141832
72253
151751
7575
56192
106628
159636
74879
1580
117563
63809
54486
89807
16712
144156
36296
51083
158763
101796
71518
142961
32975
126176
138347
45966
42289
110246
34818
42940
146609
143205
53959
49947
14148
61501
42279
126549
106036
20525
56559
74019
52560
25009
161030
64706
128742
61595
63668
33373
101975
23831
30806
30807
66297
139706
114309
98511
130942
15924
41276
99943
127735
49119
72774
100889
11777
49126
61410
45010
94776
132549
121381
56845
56276
26947
73645
53109
62731
17919
114403
99745
54603
63080
30952
117246
102456
125448
94052
37960
97811
29511
2665
561
5101
117903
23562
64172
152421
60809
3587
67934
142042
72185
124310
44031
20487
19111
160378
96680
107515
3753
149101
159414
157935
155512
161475
10016
148538
72607
143801
92289
128431
23341
6326
55951
13387
143535
52546
53504
21617
132048
65787
1958
69870
78114
142115
93851
51185
18735
131110
3689
60121
18808
96790
117691
327
138472
92494
106046
119442
52886
68946
52698
85474
28452
118288
159186
25639
24976
82301
52030
127215
157572
67897
29034
48283
57844
129853
64351
135162
41897
122541
19577
95918
135712
149683
23077
107612
60714
9458
123079
69273
155467
121043
153478
66707
33871
140333
63433
66168
57226
46639
141615
66305
28117
61190
55323
14931
43468
86310
70505
85186
102989
110504
62060
27286
109862
78471
137266
13767
9398
524
105857
11647
125968
16311
1620
127970
113313
138837
142155
141554
92367
57088
140095
109284
42465
104403
151609
49219
59317
117229
75320
44607
116258
109239
138574
157979
58388
147276
10828
140609
39696
95336
111204
130790
45223
33838
33696
151736
54545
141132
107175
32855
9447
37953
65971
152837
46087
56240
111077
99628
136947
54375
2897
62036
67283
140003
109592
61885
147603
100415
47610
29142
95182
5181
52648
146827
64078
78129
68605
129112
137592
77755
16118
81857
138240
47437
56843
22903
36111
153543
63877
140459
61992
134532
13711
104686
155581
63491
126199
126950
89537
51517
69149
11044
35491
13400
2951
65918
70553
45993
22433
95740
143061
96867
77931
103612
66022
128096
125071
157644
68606
77099
68446
9572
118698
50758
37694
140362
127624
135122
135121
73070
8644
61010
128292
24066
11459
21664
58089
121967
99010
116526
54676
47706
142310
124382
45552
129516
108750
75064
34265
34608
54648
78340
2324
129229
131914
9868
62052
78236
140406
47469
106546
61350
86200
47742
138092
118155
627
67977
103267
11516
136636
133099
88585
91579
140868
98959
4764
94203
92340
65858
88796
104960
100979
58070
121050
36909
90861
147185
139415
46442
66400
133321
13826
61437
23706
111850
94620
159539
150339
77772
118422
28650
78482
141873
29647
52119
140148
29953
94258
106699
16749
54619
56290
21793
67328
137967
129648
142317
10155
160019
57560
14685
91813
8989
48624
91344
73053
69728
52471
61592
153911
140844
66421
56137
99799
44870
82257
20565
19449
65895
147287
46130
54731
93933
33883
139019
123231
65859
132161
112880
45824
96837
16143
158868
73306
84600
117225
134925
145556
128286
141432
28114
17697
13570
42647
136828
131290
33397
84066
33620
68618
65008
28837
67067
78566
119932
26291
59138
27418
57720
19415
92769
112894
10998
66356
52401
111693
43923
104351
111506
46898
35388
155173
145625
137553
10363
29139
46164
125258
157390
70568
11176
56059
131360
143649
94766
36614
135784
121861
101019
9111
8872
71198
18259
74040
45866
52437
20910
158094
91913
68537
87418
20035
117457
100137
22914
63727
105187
57594
58422
21912
52404
139312
137934
71587
110223
72208
144636
138406
115433
95996
103562
70217
108006
140403
25105
38182
52426
151936
74863
66663
160601
102589
52288
88514
112684
44435
57108
117669
85610
150582
158556
144977
102929
116477
141226
67291
133276
87700
60152
18184
47801
130442
115465
13054
74120
31118
83867
50778
30711
134701
85356
69695
118531
3646
64683
89940
64300
133600
61033
72486
146436
73779
98212
151232
44201
67917
124611
142435
63204
13709
96485
153801
43587
159584
144315
51345
116603
126705
55555
21468
44262
133049
91234
33679
107975
127276
51251
144365
134323
4289
143705
28977
93060
75728
64852
55868
49143
45864
133727
60319
140223
100560
10257
108990
94947
57837
105286
44445
44675
129859
111833
11521
1985
73245
92541
10119
131856
111482
48912
69735
49233
85634
144151
70634
141149
122528
9395
107335
133944
141991
18611
75675
110869
16110
46210
75623
146345
126465
95156
7699
5627
40109
64523
93761
63988
161564
5992
13636
132591
145263
120433
54911
24834
150725
1461
130890
85517
125615
80900
141258
142053
54655
54736
138250
185
139839
115490
5142
49220
152689
61298
99920
71109
152229
26249
85822
70289
46833
83656
82273
52097
127067
65201
141967
112324
147402
80188
108681
108816
158892
65845
102694
75063
72882
54274
1598
78387
11017
128008
17364
153596
65668
129313
37964
36791
53353
155064
64179
108204
103655
67496
23842
129480
101568
155452
117119
50947
12865
49085
64522
32398
66033
49459
44766
68651
89868
62742
50931
83641
95936
81236
87010
49062
18315
32978
80745
1781
8163
47034
23368
60271
127461
33168
130065
58051
52571
48519
38330
3741
53171
78067
153918
137370
50508
82082
25939
150265
36726
79781
134077
55285
18990
50691
41855
47007
125135
66422
60958
18734
64089
97732
67130
152099
59546
156253
33814
145568
18079
152849
132693
10513
44478
44853
4685
65463
155895
8346
80776
10047
105479
5172
67953
42666
68509
25217
116352
48661
103805
151519
60060
944
95335
129602
62234
129068
66688
103620
130353
114750
102820
5112
100373
93456
51756
59453
68852
111481
58763
157382
11947
83619
61858
14628
142330
94950
161316
83923
63189
23351
40608
6998
66161
47587
43544
69256
18250
159485
90399
58786
119966
160971
29599
21290
89787
126961
36081
64514
92244
43499
129453
152910
148377
54321
155915
137335
84089
11142
90320
138422
129832
16391
96241
102178
61384
17890
76323
61705
114692
129939
48853
114140
82421