131804
144961
80964
93890
78846
146491
88432
141821
94236
143753
97080
142510
132281
1749
84880
126166
126165
3087
72111
136920
45736
139038
15301
8622
140499
142318
65261
892
79427
65909
25182
118504
23264
83585
48417
89541
49411
45133
90689
63619
107409
44198
72080
143202
4450
125081
130160
2278
38259
107847
735
21375
61444
104546
96120
1157
90218
138427
1924
67917
51346
151038
36863
33501
7130
154942
51947
155921
127888
157430
128401
127472
124068
155992
7858
140020
39937
138671
95902
34211
80794
143661
17453
121739
109555
63617
102380
99887
146457
148633
142820
71515
95138
70764
52463
75359
48592
19090
56464
124969
64717
130830
138843
129813
91129
135687
3708
146446
147951
137949
4212
11702
81032
47006
107175
65680
78692
106338
15786
20285
69010
157872
91692
152015
19386
6516
130315
151973
61409
66660
131047
2603
11120
103695
6186
61134
145781
142472
127117
53922
110581
58260
108892
61349
118428
101377
112308
157240
49879
63877
133433
19214
8624
140140
126716
50985
43299
104421
102612
31062
75512
52162
114402
52477
121783
40325
76188
124448
14266
161368
137680
160448
44412
10983
109199
45976
154986
26890
90007
66871
29853
147176
66422
140360
122905
78060
130234
2295
134880
134643
155784
35298
70532
52490
150278
146747
54046
8696
148375
96750
128245
19622
102369
137448
48699
10264
17002
93768
157609
131532
89130
104843
140260
119042
88805