329
2863
108079
143970
140529
86388
65137
134778
4
46959
137835
112591
45872
37140
3696
128392
69725
155705
51570
33736
35372
65917
127569
107762
132369
119100
150635
131201
91231
71411
9953
45575
146896
75520
93623
75977
32593
126573
148540
13031
81862
70088
103327
128171
60319
138678
48502
157507
36955
83643
132680
107826
133915
153354
60314
31115
155347
59485
147405
130996
36253
62317
143534
144311
141429
152480
27983
56049
141201
3552
52055
145460
155399
75401
101826
68876
69215
83711
2460
67454
67724
61395
30682
3684
45611
33373
127396
34539
157582
78240
65888
158881
141732
120284
45866
135886
58174
68834
79401
90582
97814
63854
124223
127959
138916
95583
21561
45109
113038
77848
158296
67735
48437
105276
107001
105769
43537
22827
137069
132185
68105
31132
118520
13112
59635
145144
140810
9428
146607
104225
106115
69629
139621
140781
127705
5189
64068
91685
45000
52935
88350
94224
138975
159636
60539
79398
126362
62681
95765
154342
159448
146904
137977
11844
148406
35765
48700
60606
11858
102996
105355
14709
85341
157624
112164
121030
51728
140912
2329
2172
11926
129198
50030
127494
117766
94226
67863
72080
59710
68414
51747
93886
51406
142016
45311
907
94588
101903
18225
138124
8338
58355
121703
64693
69303
146021
141116
57856
48477
146196
15949
44485
43609
8792
108748
143605
44345
132195
116576
114431
68021
115094
57482
50905
10741
102688
113793
45038
13185
120464
133481
1958
97817
145123
142058
45169
145512
53811
96421
142750
143191
20338
83582
157223
141585
102539
19184
55417
67753
128405
44969
132357
127109
69998
138928
146055
51738
134860
108878
4633
38719
11065
48629
132419
116285
60543
145054
1922
55649
98585
63297
140046
1793
48929
61028
104239
143266
132340
77977
158542
63618
83297
132201
51035
137754
44216
12005
52162
154549
39697
101629
111356
60092
90587
2583
21295
120544
39859
63523
44445
53508
49916
138702
127962
143071
44992
69274
99920
138558
135005
82073
80207
95040
130370
16305
73910
108502
100089
100606
38483
132149
51221
128409
62420
49971
52699
46526
99839
107105
143224
148735
107018
125467
49854
111375
45940
66417
72789
63489
44222
100368
95169
72360
53999
111225
46598
18594
44223
49834
87169
160641
104856
143504
84598
16086
104233
132131
51725
51195
71699
128599
67103
129201
103498
157478
98655
8227
45224
60289
161467
83343
86976
126120
77767
49322
63744
157591
13727
117181
122563
143561
112640
44393
72638
146195
63622
73604
87636
124423
29555
53988
69822
103502
72130
155369
40681
86131
157933
120545
68658
11498
45013
127973
19298
57449
8387
45774
10798
17254
47993
8702
124205
160629
71622
138767
67597
110022
115929
125555
137995
144509
90401
133255
88830
88210
161316
77765
17207
132611
106449
134933
122067
128411
44601
61952
47825
80791
133463
140362
92308
139928
131969
23440
147509
1851
136612
12461
47508
52149
72666
99915
121490
49927
86087
140389
107545
34419
77466
61109
67670
145979
102125
1546
139782
71804
50095
132046
154183
64155
148790
31655
1182
154681
96896
124806
17855
95409
97374
86644
41677
157300
24023
126580
64004
91723
48536
109181
71743
1860
99663
66619
44726
81097
43257
4590
140343
64182
92322
70826
136144
63925
26615
20242
143831
74311
154799
8860
2902
142421
144005
81917
69133
124108
18036
132695
5657
40969
11040
160692
51219
48100
136832