60277
46788
55318
66417
35301
91520
46645
149724
117196
159685
138359
155422
88380
132290
52976
51800
146562
61921
74003
52212
114331
80712
102918
33812
154207
131061
25155
56018
97103
19102
129693
142246
149946
49284
61347
146341
60425
104342
140292
98952
5038
86266
105573
34524
109490
97917
72249
47584
65968
41549
63021
1270
118539
130356
89952
43915
102858
157816
41682
101818
45402
144502
80983
128075
10104
45933
74272
40406
73198
145222
88690
62920
61937
153380
18620
128741
10074
48815
89563
76230
3976
136581
55903
151909
120049
93562
147346
11290
42777
70958
46146
22166
53338
142629
77015
77247
151550
140006
142482
68538
77773
69626
130104
142292
105786
39771
70966
61288
8946
58955
107356
106200
150813
108645
22422
52469
10902
52187
89878
91952
67487
23739
90747
95222
86960
127155
60980
86310
141979
61808
131278
31672
980
52667
8652
52758
50066
74060
111603
142955
10879
18125
137574
73639
11091
7303
63227
14206
83882
132502
98955
108232
33956
35639
112653
27789
45785
73983
100167
55491
91867
152538
108220
14867
17760
126812
68944
73839
30521
55661
33539
127844
2213
2329
50120
36057
68836
45137
63991
115272
48545
160834
99167
97361
53616
157370
101882
57953
135963
64355
77222
100000
21410
120530
120065
104993
125925
140486
128181
24074
104476
78089
72112
159302
48598
132511
99896
49746
90289
72166
152305
22536
37776
31098
139565
42392
28624
75401
45351
49007
43542
13998
45263
141037
138165
151714
87423
127611
61346
27463
141726
17686
30027
50929
142094
94644
79951
72723
150841
78613
62341
65765
64142
32022
57561
91729
135250
138668
44683
70841
22288
100757
146954
17224
10300
121864
132337
68490
91904
32825
17750
52629
93417
4431
146819
67524
11173
79027
52853
98115
128724
153273
45229
144367
65588
151649
141972
111024
62129
132041
120289
142321
114559
107222
52770
35450
140451
130984
14723
51160
89186
74781
16033
88260
142979
68846
19864
65117
85473
46962
129485
152718
52725
98625
57963
91279
127976
102580
156124
10169
120540
87637
94753
152436
88619
142475
55390
137676
53316
23202
17328
136142
111909
109247
68433
7216
107930
137853
9111
137577
73962
61621
55393
60019
158863
135373
87572
56960
32153
51746
139125
81866
70596
28643
48657
130079
29988
29608
129841
113494
100408
11421
104926
34707
88634
112615
64705
90621
92339
71549
95211
74355
133548
148241
140077
77175
107230
20175
43689
127052
69064
94094
45238
73005
115632
130098
151391
157122
118397
24236
116463
72060
66114
50603
56485
3201
61541
140036
129796
140192
50498
31694
63831
6519
137993
64126
73505
11200
45858
107006
77828
43917
19206
127789
19982
143279
28116
48648
65747
160643
122431
32769
28582
62182
23342
74128
71548
55403
106394
145979
13747
111257
14509
6530
137085
61349
148765
50807
133340
64073
130401
77252
90179
96670
23028
8699
114955
139225
53166
59709
112912
142709
19397
23125
39090
54145
43553
108793
114306
158973
123227
68909
101480
49301
5746
11882
95723
64591
99540
45005
22877
139781
28749
64048
146138
75448
65845
143643
153599
65815
103193
4520
125787
85104
66148
105958
66849
57742
45990
137034
57411
13827
131928
60391
98531
32793
35816
176
100910
160809
131735
312
67346
143831
51047
121486
105617
146142
125266
125936
36412
85462
82452
122803
102849
75314
61967
119455
6414
74474
43145
67697
133510
40390
142494
32625
108831
151326
64938
87517
34396
143914
117358
50272
128997
138094
50495
131938
1362
161249
104198
31925
60483
52161
67417
60493
58494
47771
42349
151871
105339
151876
45110
149130
81844
65330
96250
9710
55437
34068
59798
161541
49992
65622
52304
94930
79405
150856
62051
70094
127853
105914
144474
29328
61110
111461
99971
130242
139190
52150
100960
37558
26230
153982
51124
13610
136582
6773
21912
62509
45656
8838
129909
50925
19821
144926
142006
48023
38209
63535
131078
141043
12388
58390
49522
57238
33721
63548
69928
91840
132386
65447
96608
126810
108748
45778
127374
9670
144179
133788
65435
18398
102687
108211
71577
27046
91432
159738
145030
56157
84269
12092
122748
85287
104763
95760
1585
46515
57554
59571
67609
86417
66891
109709
127662
25434
33248
10359
116830
11676
97284
127234
140289
71954
121485
147353
66717
51185
124480
145702
79914
118836
91451
70146
68927
78914
37913
143881
7057
135936
148530
60729
61152
66719
72095
81887
58402
33373
17124
151636
57590
65894
51170
142520
70047
110703
23278
110472
145023
54689
159750
46683
79128
73716
51607
83891
108205
155915
121683
51682
14435
56324
160956
10011
48117
65252
61930
1119
11432
143164
67567
735
48525
49491
17097
73662
100732
10922
56039
150603
63364
145165
146000
21459
150814
41475
68349
31821
65577
137756
110538
23101
129455
97320
62167
77267
129136
54423
143978
143660
51253
69806
102772
119629
1541
150923
62246
72065
62848
62584
139201
134201
66566
140926
113116
112585
142016
137266
66272
148213
47219
143938
50010
123644
14923
108393
85613
62219
72965
135329
86473
112650
39001
55629
76552
61367
148127
117411
17212
80358
135654
78497
72402
140230
72923
40012
35218
124594
93568
138625
18532
125542
50129
135008
150594
71567
117271
77989
61442
110563
45109
28622
107387
140406
111188
130255
97425
71450
145239
104225
559
105881
144140
64887
28625
96556
108291
66576
138118
48417
74282
94637
60296
104687
20062
70494
91354
57837
124293
3008
148735
101121
85685
157477
23947
161493
43417
67760
129966
143797
117996
79006
74414
71394
71425
52190
27152
122087
17917
69381
128969
127219
62740
45684
98283
101264
74832
71248
139344
9826
51795
67917
48834
94830
13504
90040
20492
71855
149976
138627
2184
159318
132265
155562
60340
125933
14158
11702
71170
101083
83108
39307
62693
29511
130254
134061
174
94854
98015
2201
118114
8070
94567
69167
10641
85618
54309
6195
63879
63685
60009
59409
108358
50114
138303
141343
52396
109761
63295
159385
145764
68586
64784
10926
11269
744
69485
33973
21450
139414
114789
48924
44106
74902
90195
41424
107582
145613
115994
485
132042
22897
75022
157933
158199
62346
56579
148554
88643
61940
94367
128495
140532
124771
72665
133376
10027
83582
56343
64065
149312
94310
51861
140362
103627
148386
23445
14913
143763
64895
151791
161024
28290
115376
89650
65174
133474
51818
69413
46659
26048
63383
4186
148264
55565
27015
51697
34136
90410
87218
158185
141423
77510
140524
160043
50990
68192
159092
80457
78236
32786
102709
62395
149419
2155
19394
77842
41467
106576
71872
76432
72728
41545
4420
132181
132703
68707
86073
72422
132369
127953
45622
79733
137
127979
61227
32595
73139
63234
157642
1155
161004
119803
121813
127100
72290
69844
18675
155384
157851
121796
71970
9902
2799
11257
64543
148392
63622
62317
81021
62114
29941
145233
89439
157433
60641
59462
131561
151037
53520
22282
83802
54477
120282
128794
121737
101641
11850
24284
52617
153
130600
37206
156009
107269
123643
86044
140037
149353
3255
63562
48633
9612
43519
102693
89986
70249
66675
11757
153508
56976
10161
29350
133261
101883
28098
65426
34333
12727
4018
146916
65287
97045
94713
111308
6094
86962
57151
159448
11247
109501
155501
80306
68715
111082
155192
17174
125172
2067
72288
45548
131230
87338
10507
158448
130707
81130
37597
92687
31617
64172
65522
64190
79112
63994
12842
66730
49698
142575
66205
140500
60593
94940
89467
64162
140350
22323
94258
115765
129161
5795
37715
102285
111375
6328
79107
99802
44219
31375
108484
152729
99293
15548
143506
67065
49452
136004
139041
39302
110829
64941
59383
145446
39990
132033
157145
12467
52339
161161
49755
64974
129786
142085
130845
35409
21847
147838
81000
87819
85877
61537
40320
145910
2084
50425
53378
47531
127143
53546
141496
124969
3300
100948
157744
67109
46654
57975
129057
145127
89576
102361
64756
130324
30367
103615
75178
47102
60241
132754
10704
44736
107882
104331
102371
111516
84868
69549
67901
49913
88815
87881
60597
89980
101153
122053
17134
68824
91377
142245
56175
99470
6908
138366
155291
5549
9987
157041
161325
24025
156682
155491
116795
54771
132813
32533
28543
127220
138651
38510
5623
76827
54097
25240
79939
160779
88504
6257
159533
3144
137787
63661
89833
72206
119501
139553
156923
149456
61444
36770
72187
75294
44567
81250
42664
33033
82038
138071
50115
88124
65250
7881
99634
32870
65897
42976
143025
59989
45190
132416
100929
120757
22272
142263
40342
77244
77242
134888
40720
19098
144370
118184
35165
36933
116723
142670
65541
89768
63555
88401
28541
20583
53065