129503
73380
84692
133024
2944
109461
2857
57123
93768
108940
111454
12661
149230
106257
117033
120402
143993
141823
69153
160371
112325
128911
12029
146917
56907
141859
74538
95059
57289
33447
126239
140134
66386
88650
88819
80815
109188
45565
15756
157824
72021
37931
44144
78240
45924
75024
79329
81021
68928
68062
153279
25650
47908
141503
108473
71258
6718
32026
141085
143053
78561
41077
81734
21627
99499
13037
78853
96203
61483
25684
81771
65578
95486
61946
101155
77397
112698
52401
125829
107007
96851
115202
71190
87125
39108
112675
18427
129895
92881
155660
120592
154800
89387
31910
13001
46706
4848
65297
15857
141159
45831
81006
47224
136089
137426
44431
117580
118825
136220
18226
139960
59267
28192
30178
56049
149727
33851
107630
118617
30816
91780
109130
21070
32332
62083
41344
123870
156907
20917
120227
135322
153981
133122
21084
67597
99179
108769
4780
39792
70998
41806
36415
159596
72042
126851
39945
4136
27654
131492
47384
7016
33235
130350
148206
52331
50113
46332
67326
159446
18347
103339
32325
22297
50604
63572
28491
122217
82712
115762
104408
53524
161561
116172
76048
4779
4281
110743
30409
55452
52920
132442
34994
14337
84325
134016
73177
21656
1384
100205
22875
7075
72190
30761
131806
62162
98282
25977
126916
104621
150378
76949
136105
119560
124224
129662
101304
125935
125941
59197
85299
120279
94466
9034
41200
43981
85430
89956
140873
105685
40032
90182
158832
28459
136179
157754
114974
74662
147648
145653
123974
126546
32781
88949
131829
97113
155661
24181
45172
21453
100894
108692
159760
44655
40825
91909
123838
71369
41056
31949
120106
139464
24602
10593
61508
42113
149755
101201
125507
98095
101511
91183
149643
34656
40094
118568
113823
113140
57854
53557
67534
86007
64995
49178
69453
20558
125028
158831
137078
11538
51249
36997
159783
152953
68530
16223
90941
5875
141700
3085
40589
158492
127827
145789
155076
59774
37704
52107
128800
95791
112314
34817
64023
50071
120652
64207
13548
82856
28723
71811
66937
62839
155247
156529
111896
15328
157293
43729
4403
61595
62903
23663
153186
113043
118940
64635
148880
2041
1474
71797
30999
11520
38631
13832
82358
102835
65417
68246
115470
19132
13902
153079
4868
139000
49451
145686
126309
98868
3175
126498
21139
20497
52264
113262
62927
127925
78931
155122
119221
60832
61720
47686
141137
14086
137448
78330
155950
134666
30207
134667
150105
74491
110221
34822
62561
23388
140571
27648
51052
63462
89452
34777
43613
63893
94043
91615
151418
78032
12367
148293
160147
13378
127996
140139
122999
99196
157021
26053
112804
119911
36021
138377
89936
5087
76433
98766
83658
69498
28347
146407
127510
149031
9504
9505
125782
147789
41572
17255
113709
57335
41611
154920
118462
160195
142528
90208
72269
124061
13383
70591
87783
121496
58301
73661
137714
124632
10876
94824
161362
83951
121562
65405
107521
108163
108312
20900
43571
86092
117353
135122
16720
86160
35729
81877
88203
108385
116632
141749
137710
71333
117339
116236
54086
63771
52040
42534
38503
102460
58668
122267
67307
82144
76917
107926
12056
73766
54105
109373
15832
24081
43054
30877
65537
66647
13719
108768
43337
34905
53450
4706
10495
84893
107333
153012
24585
107799
17930
107998
103899
149260
99793
126148
156624
31232
40308
124071
63599
53870
110858
123218
53654
47440
51312
119159
86530
102577
43166
21044
115788
132801
120691
67419
124790
93367
68982
81667
157597
72151
142780
52404
2681
19271
81115
65508
78611
36442
141250
32971
140469
144222
82443
112332
147023
4504
107830
86627
37368
4301
96849
155400
150852
83533
23451
152557
114170
130649
12864
77947
9541
42352
124803
22131
58606
132296
72982
48159
41898
88931
110445
19409
45591
68804
55250
71733
129705
109619
13463
65602
133949
24352
73409
85896
37131
120437
121407
89624
63806
139378
133096
109794
117431
56732
110270
72847
88793
56845
80402
99769
22652
110682
49878
81699
37898
91494
79392
105988
129289
63939
92236
153818
112455
22090
126201
49304
129524
74186
80284
55874
60277
135001
83866
30324
19555
3875
103694
148367
79425
37765
130772
56905
89813
62504
108514
126585
158924
113145
47714
62687
48850
58952
45888
102139
56168
115340
56190
38777
28726
16540
124477
30993
123907
145679
124112
105835
51033
120529
59043
86756
142661
42140
84866
31798
57715
108799
22900
78253
121213
121167
141067
82761
64914
47982
65009
144531
83661
140410
149186
99581
107959
75721
105864
150642
73743
37588
66838
32592
65704
142083
118310
65336
299
26075
48528
20602
152193
132163
20717
116603
54867
52316
6692
6233
93355
31241
135379
56271
86817
107877
127687
85316
114910
113489
96462
106212
48861
137224
39416
20867
38435
63659
133908
82644
46835
151218
128951
135136
123862
106281
90671
110577
45954
16009
91022
85110
102922
66892
46225
81634
40303
97473
139412
143780
147716
60853
92912
155758
120956
134114
47444
136103
157197
125218
90447
106094
135921
23576
75535
108875
10252
111584
61951
127877
95726
138504
63561
108226
89709
99374
103639
10810
69183
31075
3909
21136
32765
54563
52674
80413
63813
69735
24559
38765
94038
35775
125046
147420
96614
20091
113760
48864
53034
62396
132272
65403
41818
67898
134233
19672
136218
78392
91698
87557
57440
15074
156031
66615
149932
126674
115264
100924
40481
102721
158491
159732
19743
104481
19645
111636
68607
28593
149233
48968
110977
136446
121449
106971
54688
67345
43681
97791
22397
22265
110978
111138
38688
39444
124825
70027
105108
84357
84517
124054
53236
33655
3229
74806
95549
100379
105866
36130
94234
91937
82183
158449
35610
125096
1459
84944
3616
83471
150226
102319
57050
49268
43180
145717
80145
15548
112502
28273
132089
665
4851
27484
46384
128266
131295
107623
72332
35581
136263
35682
118708
88859
28050
12104
139017
77423
64380
103366
64453
151392
40157
33115
128405
23031
91965
24165
128422
97866
17466
69983
17186
94680
25259
47333
113928
26017
115964
70193
154128
146787
33495
28875
38741
78785
102964
142693
149401
126749
134555
76253
139154
81708
21663
34569
37191
66247
129163
137009
40584
135270
134338
119648
121675
31080
59683
83019
113525
4098
89849
30812
64567
4390
123882
19100
13698
67141
7361
124013
161150
90417
18765
8338
109189
39920
115659
159450
1613
7611
64436
140503
73116
99549
134882
7357
96720
2975
53990
77260
1940
29508
45094
116274
68247
79745
14422
8811
124626
88620
48824
67200
22564
26913
83583
101054
73854
129580
103316
145596
146422
81185
108934
161076
76156
129190
17021
10257
116940
55665
159539
72702
34370
44117
18490
85664
55800
126441
2233
136253
37890
108420
14623
147417
116699
116444
72460
128072
120890
155639
120551
140247
21714
41141
40294
109060
25980
43017
114724
107768
52266
7344
33954
138637
149454
100215
14959
151889
135904
106889
27978
131797
124932
2362
14151
118357
158445
43336
148197
59011
147757
1330
33293
3122
118383
59031
125379
7618
144498
101164
17474
35628
22161
38061
29838
65373
158008
34765
92217
153747
114813
90326
154419
160024
60969
29679
69159
95080
88604
9248
123980
71753
14222
138478
152349
161549
89008
54888
146185
19317
31935
160052
140671
142461
50125
15610
89379
32449
47543
99409
7975
22446
22642
141587
124495
70144
137311
68715
38348
44019
39611
121608
61433
78017
148899
853
102147
69449
82282
125767
560
57566
23222
106437
59621
9518
92555
84801
31519
57283
91559
32429
123242
54234
130840
18396
124433
7249
149669
134180
85956
67686
29325
53594
62436
39096
107373
133858
24070
45646
111201
46392
4198
65682
110597
100851
64522
111802
158356
63327
40598
96923
101770
153891
133
1482
11539
101441
155673
104169
9610
140830
8124
66684
135125
91316
137859
22156
122449
67700
58851
37886
67415
99798
83668
31674
70733
74922
154955
52738
60572
95092
5061
113188
36830
65664
43581
97618
4089
113612
142787
5261
152680
116230
126945
26562
3645
47292
35622
19408
53607
138853
73249
154025
137362
116047
149433
31754
57682
93410
157368
42923
140333
28437
136694
33666
18735
72929
150653
152397
61964
28778
46648
17426
0
103170
20115
41937
92859
123799
71262
7193
12870
154142
24503
46198
12804
111076
72875
28795
81114
107597
49087
80434
46862
41547
74213
74243
44086
83061
26157
88562
158618
102427
44814
8237
120095
62605
85257
118725
59835
9203
101781
79706
14304
33452
150508
43599
55739
28336
7804
161019
147919
145948
39576
70634
72548
91042
81796
86821
70249
73827
155880
65294
713
103480
91728
143188
32843
90388
145000
155229
73571
146858
123711
139855
119448
61362
37726
119081
145654
51684
24230
138192
42859
153405
19121
21995
78926
22172
38127
143118
66435
75454
93395
88550
86385
72220
96776
97745
78614
14264
84071
156879
30290
154502
30891
31023
56404
134887
78989
161233
101415
153268
35262
86134
133403
98851
113769
137820
133721
126812
83525
72366
28221
42173
10055
23034
87986
42130
110939
33960
68812
83624
130109
100910
18044
28714
6714
118035
114958
16711
107018
152981
120664
140385
3045
127406
141531
44207
90825
97550
21320
39997
19035
154960
130914
107257
106219
37696
143277
153723
72574
171
102377
73575
57697
87559
124229
72285
64369
77366
17512
83489
16774
106662
46675
69476
130149
141056
108210
33669
37735
55399
63690
16039
151630
39880
133440
77346
114156
145014
85625
40131
91962
20252
101173
42105
155766
100689
56848
19104
143559
144450
124230
126980
81078
26650
49365
148474
1585
97836
136059
34533
139173
94390
19059
82504
46273
90422
16191
112672
21701
120936
64725
90250
139617
160807
18147
145788
126162
60285
107215
151062
51802
88817
132772
117445
12986
11046
62601
18968
53461
62242
45710
138168
153339
110124
51808
89745
32840
101063
104851
137659
117018
63250
100240
108815
113179
11074
57581
106285
54085
49798
18359
121021
128406
15534
16625
114736
4685
70191
84132
81693
119874
106985
87064
58692
93809
53636
108945
114704
50969
75325
146356
34117
138762
71673
157209
92847
155475
155571
100433
154495
96147
2057
75118
96167
43085
94709
42077
34124
93988
69180
2685
91809
132115
17623
34150
79048
103452
19050
12733
149451
35611
96162
151495
139303
89321
128944
6590
117700
26020
132270
45869
57813
35309
63340
125518
705
147429
108
35696
77680
145831
139783
155769
121005
67814
150491
68580
154685
135914
135915
5834
141169
133401
39627
113961
49305
36586
6922
118586
100396
56278
121047
64638
118799
13467
3298
17645
93149
94462
87596
40634
72500
130205
14775
155407
34781
30556
8327
99838
22258
120088
31518
23090
123566
52976
17483
26917
35096
139774
119528
103494
147488
24966
97089
78560
73229
142899
77943
115540
105968
49639
70826
88066
121102
155469
12085
70406
157796
5254
152930
40118
132498
36342
64936
119086
27713
129051
70585
73884
107723
74344
48926
154431
56037
138672
17848
35578
75586
66833
76313
5439
125983
153292
35658
101059
58528
85407
42242
52861
126270
22242
38588
74214
135486
9960
131633
106551
131757
125209
3705
109590
58856
89519
138514
100701
140337
61360
123647
45793
90123
80933
76042
103075
124470
72595
121864
89654
72103
12131
61347
76308
157399
156328
104191
19627
80563
101886
51276
83216
199
2299
151003
24285
141898
6269
30511
30509
151107
105030
102423
65793
2082
76184
122179
36431
105572
73047
91926
81821
22049
37589
119574
61629
76317
150473
158986
1795
10494
20223
27035
115102
51822
121523
117315
78415
60375
36978
5051
78670
149215
105354
105494
155216
25544
136259
141716
123986
97523
28240
98243
25745
2899
131941
113721
46542
4484
74988
95877
102489
68435
109523
15609
88734
131373
18352
78974
87513
160785
128151
97169
75544
93299
160558
156333
107327
19063
51482
136325
63454
32236
58499
147805
101066
85704
34449
86806
21679
155569
80885
39127
28466
39925
140483
141374
91601
106558
106991
2141
133749
23779
83040
41448
93810
102432
4352
117188
16176
90684
29021
132810
7799
36650
65398
148860
11453
123282
24082
151907
76238
98376
99170
40699
20001
140107
22207
38293
9749
66196
61638
158216
55581
49505
83004
120114
6001
44099
123830
58053
151953
158097
23812
137777
66628
157761
134812
96398
87353
97128
131073
151324
155783
132044
140102
42785
24727
63873
89878
35
97085
64041
49787
12947
93294
7578
15313
134172
149349
148009
96370
66601
99524
3016
55072
112256
45942
155357
12225
103583
147886
106852
118882
60170
136509
45295
160478
152234
109676
17469
37258
89667
51020
69229
157930
28825
90471
88840
27344
50544
105148
53679
135578
32366
22355
29485
110676
103886
149196
86884
141480
90058
142332
124673
80005
54045
22874
149173
61042
146806
160262
147576
4480
111591
129527
50556
19517
111053
40655
77730
81955
97181
83477
91458
76223
127773
88117
136736
7275
14366
13234
36966
122323
81590
32876
102583
99912
39140
22202
38270
2962
17311
68061
35799
108185
85606
79661
2066
129511
130191
66888
101804
101462
67288
7322
75360
138399
74494
100489
39721
36036
86581
81236
25170
19495
85338
118975
48031
137597
159333
93134
89922
69104
20742
31677
57549
138392
43595
136728
79667
109748
83733
42181
161096
104280
88422
153364
9788
12446
138984
71052
156086
103541
130025
97594
11701
136112
134229
129670
31668
84765
31419
59834
139061
79756
157310
6436
84636
11054
55699
139133
88602
74352
33888
33338
70076
128521
98060
112439
112440
82267
80942
73018
91875
22017
142345
43030
107745
46979
76648
30218
55165
103610
2287
27044
5907
96216
13960
82808
25371
26615
1904
106067
32210
58469
8181
78990
35299
90121
57699
46557
75609
14631
118615
125732
62243
28840
35357
146515
135731
43063
127897
105221
154704
149544
104636
122454
42744
82063
57420
109516
52247
100120
139981
112126
132075
80406
50063
14732
119661
61734
17920
146938
39164
87132
123229
106400
87742
138508
58334
156046
37533
22541
18682
2037
43467
41680
108900
23886
45351
105577
121657
90161
14624
137408
98975
54249
110266
153010
81048
65653
16165
158947
34333
41455
51667
160963
53950
136619
28438
115297
8331
16106
39103
49789
45238
94210
38465
10028
148707
117031
48468
89378
133172
147654
51003
92380
49792
86510
122840
34194
85657
148149
3190
75352
3883
22651
148344
3964
65876
45153
132076
13181
153416
131501
126904
3535
123341
65860
12441
4651
145452
53934
20706
4765
68152
68136
143082
107763
21421
1151
7169
117245
11449
68333
151308
15003
74307
160796
32970
52104
102551
72316
90270
76008
94097
148496
10758
135938
70820
90711
75045
154345
116859
134398
111723
127345
62829
85961
83903
52389
13642
128429
66137
153746
114807
127096
49207
124669
59546
17714
105129
102778
53800
79644
142130
98569
49778
108297
81446
68916
151996
108493
85403
119130
8901
20672
89802
62270
34607
25893
53652
150033
101937
149565
7473
151741
77191
81589
132792
45370
49954
15324
77169
7339
48827
10749
67294
82111
51779
87682
125407
149618
8435
27067
101608
116514
127506
140055
69307
132215
119182
33504
60625
52793
66143
74928
157559
133097
16950
160953
57271
132027
43333
17962
140356
146390
32944
108614
8183
110580
96703
113065
9195
153911
12065
125056
76399
5674
28041
47974
95906
101519
43469
143501
35455
93136
42901
51640
144922
131538
145749
152799
68610
43179
85639
52
110823
143594
126053
153845
7572
37251
28730
156848
108216
48581
87700
124217
95489
28646
16997
161026
27723
97369
90152
79680
156279
69037
16353
91569
85432
49528
37896
108470
157289
148665
48507
94467
41945
6207
106844
38808
148481
102966
7643
1414
14993
36436
136119
19842
24770
46586
73838
106183
157988
102630
149703
41020
73263
97763
12256
140285
86715
142080
75634
77733
53020
111507
127121
129826
72023
56077
107132
49293
10104
155025
137772
59854
153385
125084
2097
68265
79822
110399
94640
1082
99580
59157
154198
132507
14599
23546
96153
8940
96339
57257
138029
89554
158239
43522
47304
25114
47072
81432
63251
152659
95258
41799
70549
137907
16490
153410
113647
91700
109348
131093
153311
48082
40374
123181
58178
62925
57389
119315
97104
141093
29611
133501
115038
135159
57668
101516
110084
110048
22777
108176
120547
10826
64425
13294
146927
113020
82801
47469
116352
31170
136124
139986
81383
49698
125778
105849
62783
145648
52367
103738
33934
56151
132151
111001
86037
129313
8197
5546
80916
76899
136332
113547
66817
61272
135616
41447
75257
148037
106419
90533
140309
41313
4859
33318
4048
93482
35566
110261
120256
64693
113313
129489
142309
125766
47833
9315
43176
9469
64563
128500
80299
11938
81253
149312
18831
159762
22533
25302
129027
107622
139143
17465
157064
84520
55930
86145
94273
138414
43714
49822
13017
78730
88370
22422
29026
53111
159386
109641
137883
81843
26768
49556
22711
124713
108824
89812
63545
152563
89720
80915
44455
78700
476
105340
142165
7291
48855
59113
122974
69032
88254
72354
141025
43648
10518
46809
126471
80880
64403
133609
147837
127050
26705
71338
46154
3582
141428
28222
103693
147187
80382
111046
139384
37991
73246
69971
1186
151860
156891
74179
92973
75317
137788
93992
158685
65319
48089
65683
73494
160503
156071
37647
142218
49664
72939
58100
20302
72932
20225
56891
117907
136189
35387
22872
41985
118245
96407
52560
59044
101018
118741
46399
4221
121789
21347
119542
140739
79887
105402
34560
93275
15086
142525
1875
143066
95742
118109
139932
58989
38610
143598
41264
141246
79085
110996
142851
124475
35142
5829
5170
26097
48568
36837
107736
21655
81538
45360
160208
12691
48272
88636
43130
122732
107838
136885
152844
42265
145179
36275
90581
74029
159324
78006
141801
159408
139721
93786
19619
129089
8634
40077
71561
62548
42245
78490
36555
160777
102737
58358
121705
116472
128274
90569
87512
124767
81095
19318
117710
10969
76654
99075
30426
134387
121470
82453
158283
88625
122212
23897
13260
40615
57224
118934
146982
67600
7022
118959
137950
46017
34897
127793
44538
32176
40155
73849
160993
160992
158118
39232
69840
102987
90746
123913
89771
61517
4227
22029
37552
132845
9331
43217
113089
126299
37365
66496
45541
19149
142090
1906
87480
56123
113209
50076
1121
161530
92378
84189
1769
159288
60007
35760
140465
28642
52573
92621
32321
58678
95290
133179
160307
159739
32553
105970
88478
47036
80364
106403
131577
122030
100803
133790
54405
10904
41628
147635
714
146290
14780
37729
85791
77212
140460
145246
37085
111516
128498
71234
68511
107194
710
102807
140691
6201
112396
66233
151689
93706
111156
73993
133525
108499
95432
25096
47051
2185
31712
8449
26472
52970
19187
109053
21358
18491
138626
107011
137032
146027
41645
96029
145378
147989
119219
105266
147933
143911
88838
38320
126443
8065
420
15896
145859
89124
53753
49254
93537
89028
43207
96480
4222
37206
38894
38956
94614
54851
53475
20627
29467
111080
106221
122334
51069
51590
30717
68302
144311
127021
145450
87402
145622
20803
115603
107541
67190
82376
24244
30985
40693
112294
62253
110368
5718
145785
99775
85693
95415
27898
50004
31385
137352
57314
141691
125386
100321
141042
90038
147930
147931
2103
134341
101582
132658
108382
5338
26779
16832
19337
92449
47270
3744
148101
44020
74593
159577
80436
16026
117645
63424
24471
45792
40227
68717
158360
42822
82785
125213
13229
80075
124183
151413
85460
25700
47985
15483
101123
5927
124308
68106
157722
113998
27771
117732
126620
67746
159496
44195
161537
73
104326
20028
25808
48156
102088
54150
23062
72906
83124
133178
37959
60059
91314
44373
44090
93927
97030
19728
108904
111987
127604
132694
98702
75238
106343
124018
15990
128696
5540
100286
36155
109183
102452
142308
99500
118182
8291
68351
53466
35415
104881
25833
62386
87886
78728
36144
37732
142673
66439
44316
5102
7746
41579
30791
148456
114115
22211
95096
5089
129488
9516
106298
75982
159343
150051
10052
98297
120848
64229
19080
153302
150220
58617
37711
10139
148716
60005
9236
115629
89907
140119
85020
58649
37821
142758
130203
102974
149654
89867
139719
87652
149724
16559
154284
116713
91373
78765
102914
113224
16295
38219
117177
62432
78682
89544
66616
77745
32893
79245
25027
133675
65101
102946
99197
30996
527
21920
63486
5046
51387
54827
128113
59858
37473
52128
114235
160631
91497
150922
144364
153458
72438
159047
3783
110588
121918
89673
139409
58237
4061
139642
76141
95443
99969
156226
94304
106539
5252
77370
7753
120671
81805
21994
125295
97820
79027
91987
152994
112405
81049
39206
91670
16478
82803
25363
126212
137487
140370
136793
78819
104009
129924
161274
109902
32193
11232
65502
5918
725
677
107111
97235
109615
160046
159957
99781
119226
58716
103968
77507
67854
34547
128314
49854
84278
76463
138970
70743
75323
67547
17490
51063
154069
90119
86912
151751
107216
94723
140636
88261
102816
10433
88146
22936
125665
79790
105224
59618
40561
119393
78062
7558
53617
26346
22830
59847
151867
74201
98385
138526
22962
42689
81554
58307
62368
150436
66819
5328
49797
152879
10186
9410
157013
58959
161179
158922
74459
455
3848
91838
61887
63619
17121
98237
83745
60032
110853
112651
46722
112709
112623
46667
23938
110265
28969
108632
55575
26726
141706
75447
112369
43941
92862
152843
23736
60983
109237
155149
25315
158166
115646
145034
61983
18369
111218
89974
141078
144266
153262
29860
142944
9848
39613
1673
9758
11634
144613
126688
91524
24603
12216
155191
141686
90243
8518
52716
112013
44449
157014
117852
152826
72561
20738
28169
7773
15151
21155
50798
131179
34549
141467
39170
65840
11415
150501
11349
89918
63286
102672
122235
125062
27516
155782
116841
54013
94861
60592
1564
101301
9653
29828
134863
17154
160918
155409
102619
119491
20851
132902
67843
60253
65875
145104
8657
40233
125860
5100
90974
120761
87849
82318
4858
128317
17917
50458
29307
2281
47717
13121
79413
149238
7049
110835
36352
64949
7954
107759
66701
78208
59754
101223
150764
132160
96873
12718
54736
104942
50027
121641
150828
12784
149615
138558
3037
23128
104477
67609
121384
33203
57274
33409
138061
160778
40149
130129
126059
150656
11946
21226
119031
60434
45346
110726
115502
22512
71711
3746
14156
75227
91456
150762
4857
96675
20049
53491
55199
95223
27695
121432
94247
107364
130698
91717
107662
18872
26651
49371
37934
142893
116763
55359
108443
102123
104401
93742
47015
47011
150238
13261
108064
12922
10289
27245
40808
1450
39532
70544
68167
52146
102573
17030
4756
45912
122900
2920
106534
91178
8497
123497
48883
134558
114346
50208
104589
21035
118094
58281
24847
149621
99971
77188
114893
94648
15704
10217
160261
137383
110078
34255
99835
33857
24128
45738
21311
115790
68110
80385
126950
102647
68384
151388
156938
6694
74567
109186
135876
12965
21613
77376
127111
6678
56522
158533
106199
52751
2158
133625
84614
22542
16370
159599
17257
92808
144580
28691
69230
146774
23791
45209
25358
112088
76613
54603
68869
86818
67539
15108
156128
37902
66473
327
101990
10615
136116
4126
21681
42078
110044
113633
111192
76131
98162
133714
45051
136757
67161
7407
81494
109768
27093
50111
38540
49385
94161
102061
4416
139357
8872
143540
80297
80966
18710
81307
20172
38809
81901
156986
106954
158222
60760
154271
116684
47823
17204
31455
45357
107322
13659
104502
152104
109043
57873
94799
14694
111438
132809
59453
9728
87401
43341
139079
159997
28811
155885
23454
123395
128755
13843
94063
43691
59340
159413
9029
42086
77604
39408
27976
131794
159898
158317
38675
115861
5492
137847
92281
33491
147065
86133
139350
95892
10898
108610
81814
10947
149024
99148
62091
20680
143284
104180
16322
150316
73880
99510
18963
17669
38009
4479
55802
27302
50473
16188
117947
57946
60642
130169
72936
125036
158415
79646
14169
22543
71981
66516
17074
94694
161285
135585
118288
25052
46997
115791
29699
71032
156038
141203
84871
50276
97761
38749
8333
69878
83364
149014
135384
117277
35468
103896
142208
60833
72074
89660
59527
22509
104925
80642
25713
88582
59075
74984
102449
37412
132875
109020
112604
111694
151985
94674
111691
80163
68651
11117
43282
92266
52339
67790
157489
33099
151404
105915
157107
113108
130351
81969
72458
141751
108017
130336
136434
88182
85076
32464
149692
135828
17652
12755
77453
100450
76877
106810
85519
116186
17283
51160
47230
15817
124363
81202
1651
86749
83726
115241
52077
18717
41381
15167
71156
147191
87028
43042
58155
121311
141335
70167
157701
145307
126587
25462
47606
130140
49533
157717
19159
48527
3439
98261
69858
50026
93732
117920
62804
124252
72346
41395
108578
109308
72404
121085
79866
105356
147026
47679
100323
11405
143014
827
36963
87947
97844
37014
146518
71464
47399
60343
125525
52952
108532
78471
17406
97057
24557
3517
11876
71848
157657
87068
150988
81806
22001
3807
111486
7264
13522
73519
157196
25842
65036
144637
33708
116853
104511
20105
93923
78286
10298
27518
122964
4376
22470
39861
40028
108067
152554
22008
142315
101316
116449
145232
53851
110583
108397
126023
153648
62537
157810
135114
27967
51603
19023
78678
53012
110923
141714
89603
12314
35573
8668
71912
29785
54378
2498
14838
159020
148055
120474
75512
46692
7389
24368
34709
158906
74268
94470
88161
117267
72121
118991
34063
111442
93755
157778
42974
97573
48974
111918
160870
89187
30865
2804
106872
156372
157362
129345
10647
117189
115293
2501
15044
77652
6545
110232
38361
91279
78214
101394
48742
102310
110023
33323
60341
21958
90466
136031
159991
153954
94288
122780
130480
126462
28666
64474
150046
107855
50370
25085
122288
79528
22251
153827
125449
78028
28787
5557
129419
149661
8602
123823
154466
46939
157934
57015
153787
41732
148034
2649
57528
34217
88329
12800
8568
26811
158264
35429
7609
26691
40086
90709
95976
155164
41443
10740
122169
142659
126753
92111
83081
17928
46771
5122
41902
76457
21497
120154
28247
45607
49241
34411
80303
156829
104003
42002
23078
134958
122702
72942
67140
77168
52223
7212
33982
37627
110257
55369
139735
154424
56015
152195
88697
133138
33221
137874
125279
76309
4100
137119
157462
49614
65442
120267
33188
1159
48158
38318
85298
155061
33259
60245
122597
127749
81876
122687
40432
57828
101765
158876
73333
92622
151934
46010
59911
110202
78142
79655
20513
15956
132878
125148
75088
96104
100708
69517
52722
138380
131172
147
102750
136961
89199
135083
17008
161045
18316
11519
90602
141124
50154
80138
96497
86802
122320
45043
67834
68497
17400
51156
7139
149571
38312
142148
75419
158797
88042
151978
14420
16014
147782
13168
151140
11935
151826
107617
4737
143070
75523
69796
43547
124382
63784
161010
139837
26624
130380
137629
131473
110581
121863
142143
13917
112761
46942
98573
89848
155098
45007
98585
27660
92360
84121
124724
31621
28786
27612
9851
95099
80823
61225
130905
69791
74335
135
10312
28109
4057
103894
117272
10613
67922
150682
77986
52305
145465
80017
122709
121592
118292
5653
33981
78511
194
2580
67359
77533
102663
132975
20258
27188
130308
11801
56279
83229
26659
40774
157488
78771
75050
111759
31715
87705
27766
5343
49656
77519
90376
144921
63501
25771
114832
51260
68602
160639
90351
15350
65358
36513
98111
128531
8342
93578
102709
139194
151927
157262
75598
3585
20120
40923
77568
100707
75669
80415
106548
93955
137753
65791
89557
37705
1187
116229
54077
41005
76429
28847
17777
48738
79700
745
127292
93002
136563
74328
74942
37806
110602
131678
96183
130092
36971
104325
15083
105332
60616
88535
161074
8897
74135
84238
2137
87961
99843
33902
61299
88228
83060
18816
103209
91570
37943
161021
140621
6403
80943
18593
122230
142735
90456
71418
107245
157843
67687
150225
26024
129781
87675
146896
114841
120522
27814
51336
151840
151043
13931
71723
18924
17362
117627
57245
151603
103956
155339
62234
121321
146456
44058
89282
37133
1711
71147
94227
116266
139127
14307
143471
42104
71485
47073
3214
65908
106486
90933
101958
3347
111216
23208
49601
12591
149056
133109
11325
50888
143602
80596
156534
108661
75844
110928
107185
631
97957
23919
6032
34246
155354
142747
142749
77433
87838
105334
149757
120345
14282
150351
159983
103100
153145
24180
22346
2333
107936
150066
10088
110106
119506
101427
69424
111845
9221
83481
159299
103832
25438
122564
47006
120447
106554
10485
32120
71624
14188
2489
42334
11998
92638
160975
88130
74906
117211
56215
158500
61031
159055
28412
8121
16134
149843
103483
107328
14175
52838
45085
80267
89508
33681
134929
79431
134734
20232
106639
91859
147397
159013
69324
38139
143124
29809
55160
147900
127769
161058
144316
53907
74283
44317
124947
16466
146599
90118
37224
45694
13275
80437
90290
70081
153902
115398
78676
125415
77645
53109
8074
37193
66250
77693
122915
44031
29487
9579
96222
153298
42855
153375
77208
52116
42253
102523
42751
69343
152724
3537
118767
151542
158758
4237
154409
30665
2065
3620
43395
156520
145282
148530
122053
66805
103685
27284
131079
11845
15898
40551
144895
85113
10039
148934
106320
33155
137792
9454
40395
136421
145429
152271
156231
86972
53173
19714
56014
151852
1900
142788
122886
116015
53566
142117
71169
156313
2320
25428
78140
88409
2445
58455
157221
2407
67731
17056
94095
90797
16500
114340
78755
102882
120014
28182
82311
57887
159684
20833
92981
5751
131074
159411
51164
61388
36990
141828
103328
68537
147834
118146
155643
71494
160584
37150
61855
93422
48366
79456
13554
83980
46240
20849
117114
117964
11779
92911
127569
5248
81054
93886
7192
112220
127945
13248
46161
5065
25599
90972
89173
56295
40069
157541
109396
23929
141760
74134
94324
153936
43328
100187
3390
129602
53540
122068
142987
82637
112668
111033
60505
92239
4572
5970
122369
86584
93974
3611
36582
141394
89929
157941
83803
72171
18221
60307
102405
58021
120962
37381
66517
95192
160006
78277
100136
121776
105971
140575
72710
119953
125733
80465
16471
92034
153121
34023
61455
66236
26994
130761
151804
12507
12522
83843
47867
76422
5744
5746
66609
75835
98258
3075
49889
28931
132726
122341
17220
94818
88224
72110
157523
132760
118101
37833
73685
160731
78357
76546
127447
104412
137580
157716
55446
109450
131652
80706
65632
126733
152884
75242
41014
73522
126156
84763
6134
88726
152077
109199
87902
90415
158390
142826
32475
136951
158897
16189
46716
104904
113689
129970
89030
2824
106932
136618
37250
29400
53728
60504
67767
106026
33035
79527
111536
127151
400
3640
33875
138826
132443
55960
61198
90074
81404
121742
150453
58457
68513
118997
21331
20384
9630
149027
125465
78184
75928
21649
75226
96372
134134
88239
60008
30833
134834
74998
75064
1861
76169
160759
48000
115104
51826
18631
33874
149671
159763
152789
23508
96994
1816
99217
106983
109938
32494
58929
80908
149319
23238
122468
67732
55506
33046
158361
45823
43769
111348
124290
121954
66602
67109
116664
41451
104678
56985
99353
81548
58104
36227
64753
61523
64694
147764
1359
37446
66462
66518
66621
75618
121439
110671
122319
142861
33691
39141
144293
139331
39195
137459
146055
1225
80858
6425
138025
74749
20313
52850
136286
84719
63912
38761
111131
96148
19793
123081
77429
7949
131735
102777
139521
78460
116519
39014
12240
51036
143834
107844
4436
21605
15707
223
14561
159320
14131
3639
125106
98881
53601
37153
102576
60053
124770
96920
4024
110163
11182
81907
132917
26269
152956
80323
122842
124969
60813
43185
120149
20785
2329
17330
161087
69830
85512
54713
160018
144603
138535
83469
156567
79534
82152
17195
56648
116754
47998
21237
12219
144332
95662
151312
160466
160698
21324
145758
103945
132043
68803
124212
145482
90124
62256
47781
8119
37451
132183
24679
46438
103976
149601
108834
44591
106286
148058
70514
94969
33931
61339
82646
24965
140340
111004
40016
139455
22024
37521
78320
156666
75905
67485
21405
40696
72640
110074
5693
45779
61750
33471
138249
17731
132513
85377
36160
64636
15837
28290
69561
148072
5850
105300
139411
43175
83757
67230
149489
96473
20471
88276
63279
70936
74327
74504
139192
106165
58820
26390
48979
68196
101753
3738
160919
88187
126204
154911
83029
113548
43200
112529
128337
30827
134832
96436
30977
146436
7818
36097
136009
9519
75610
151282
103578
45727
92665
100343
65007
144876
154857
37872
5654
102569
145994
108944
106265
65859
94642
1444
107641
29768
104518
55036
26837
20557
12867
156611
18513
35709
129704
122949
27792
141594
146574
82642
20686
29936
104164
97917
17750
151314
51481
139999
67444
74581
50984
9685
19133
142289
107519
129078
84700
69320
152695
52141
73424
94895
101110
110704
122494
11162
7200
138604
27557
50885
67572
46917
98518
27218
50350
21840
89658
28664
129825
53720
17883
130016
72339
80925
107944
76511
5903
66876
107665
110617
12291
13475
134334
121747
53470
14547
20968
98262
25871
20522
91723
132083
46878
42349
148152
38323
53387
54296
104561
61200
73356
92704
85396
139816
92695
89665
30987
120398
39775
56788
54023
52059
154129
152653
22611
40729
146364
55564
11304
128085
44410
22420
39559
113834
85476
154317
1776
23942
5238
48710
50662
99295
10309
28069
27048
79630
151715
161320
91100
7400
69190
88812
19165
127385
36733
65528
122731
68441
154678
77561
135209
54794
1306
100356
31937
18075
47064
5699
148523
4683
61917
23498
146815
92686
154019
132130
22640
72918
136379
110189
119879
74203
60550
20454
28080
143342
86427
53108
5951
107345
109604
54243
140048
156833
68426
120
126072
144619
154028
154029
29191
64719
19246
64727
111502
58318
36981
29350
27763
106658
46174
107564
12286
16977
154866
36048
64467
26592
161525
46673
106522
81052
37437
142267
42680
72114
141607
28619
36965
61995
130526
113423
152128
19943
25525
112994
58280
74693
80529
92759
151679
16888
311
87501
150914
68582
151643
1398
122656
117270
134978
23687
84478
30546
46528
51966
107255
95433
11169
67037
99526
99831
146667
156933
127501
43399
87882
7135
119232
60862
40344
27172
93321
56653
90871
142073
13237
15579
152308
90896
86980
24103
51698
83494
49297
149855
101529
126565
70332
77830
16430
152502
49936
29649
51958
10807
160043
154084
29354
19934
68837
28350
75513
3415
126434
3450
108841
111633
97130
33892
103887
109573
104580
40088
71572
11857
53166
8649
93848
34127
127962
62259
133867
105775
151727
50332
20649
23212
5572
77994
9667
87966
39962
139933
94077
74514
150505
82048
58006
64261
3289
81288
146996
161490
87873
74718
95477
54999
59271
132942
160308
8946
155307
37803
47851
93899
3195
62611
36087
3022
156995
125655
154342
116855
140903
149791
71793
34932
16374
46293
38522
68471
11024
112813
115665
157160
68686
40855
103942
134921
66410
39356
39876
157959
118735
94293
9889
25398
101854
12693
77141
90962
22804
24033
73666
60570
13835
108291
16723
86229
154807
43993
41535
96877
19082
94108
27312
104381
113007
34044
138702
130763
156261
52260
31635
126951
10750
108347
95528
37175
120536
82895
158790
58460
137833
25798
156230
130186
142401
112975
51682
41476
83655
55
22378
157011
111073
72861
156722
160661
94740
156791
154139
9423
9745
157503
52337
47268
31603
11038
97515
58282
22880
110073
52252
156902
94670
146490
92088
152241
109862
43271
95802
17260
50579
73335
160246
62237
82924
107366
23013
85853
160729
88482
47117
151732
2562
30686
84184
89494
67468
77893
73259
160054
53825
133465
141065
69597
144605
41036
67292
43945
18902
1855
91608
151380
69973
10316
56128
70595
127516
148261
97189
85668
155316
42198
152264
86132
33268
58081
75432
3185
18802
13271
80390
106503
153312
133809
152738
111838
133244
5583
99329
121771
142026
56444
53743
45928
25768
95233
76975
61229
41270
64477
115089
132413
132467
66718
63685
24272
35441
94958
12574
107140
94715
159079
4862
80787
35245
54441
130702
62533
106484
28147
51896
117570
143819
9509
91004
6472
31181
56705
101775
65845
50049
110166
89792
111775
94838
2914
17436
70583
81426
159432
62337
52765
93402
112863
157350
47021
5646
41576
46781
34331
51101
106125
69227
102743
139867
94753
50991
75664
114778
82354
89164
56765
66359
75539
53987
73586
90667
88496
133848
91766
125302
152679
94657
13212
155992
121781
28055
51739
2879
107152
107001
28507
49159
118090
155086
93561
89109
68402
108305
136250
86961
157867
81077
16643
92657
107798
124418
16271
91086
10802
120061
113741
130781
42467
79709
14311
154174
29825
150959
98894
106259
89747
48868
102541
52000
56048
28115
115096
15048
50679
85245
119716
61851
20204
152117
54453
150931
104492
46042
145746
111483
140348
153113
49148
130949
11236
141927
74730
1164
133281
121830
66338
138425
73715
90009
111358
109104
120153
37755
67186
138036
95005
13369
3005
72098
64649
107017
67386
40672
104388
16946
160947
152102
19851
1219
100057
35048
135605
58931
139062
133548
34752
139374
136309
64284
93997
28855
132636
40506
144959
121621
75438
15153
68548
73643
130037
40372
77646
46838
22339
95113
93437
106440
90592
45684
101878
31762
119760
138992
38501
68431
129339
145987
26494
130248
109148
113253
114698
41703
35583
44366
23862
77559
38938
143999
97079
119892
10432
96969
87647
153580
100546
9465
43605
13434
30560
81109
34229
13696
151989
142508
76461
79657
44905
128719
104560
42458
75441
3227
16850
160747
120981
83092
48741
146613
81074
115763
55568
94280
157596
107845
146516
33319
137983
132663
29515
78153
126143
31040
135074
116114
53775
40694
106501
158520
122717
50103
38692
93807
11783
71020
145269
86626
6112
88816
60128
140603
16437
102024
102687
121922
137903
42003
102284
25357
115061
20531
90567
93115
156439
153890
94605
2157
12346
104081
150147
109562
132722
33298
92578
152629
22499
40014
124955
9548
43926
78070
101762
22170
111437
110258
62929
111367
27086
50793
15105
88799
18501
12914
10148
127247
48983
63484
160526
57886
42021
62245
153336
159894
58016
22996
84455
116878
55542
48402
21845
80637
120036
24262
24273
45892
140834
15924
127168
17071
17156
94666
173
83171
98395
26449
66424
142161
56004
78081
115113
19979
115321
89447
136050
67391
97661
157532
63769
9954
90148
94612
75463
25587
72064
23410
44633
64392
77615
10150
23446
48214
125554
80522
137927
112060
110555
44360
102054
54843
137050
38640
68672
28378
124258
146159
146160
115421
85457
33674
22570
7353
8084
46210
17555
96165
67900
132194
80132
68991
152116
128793
128508
46106
115639
16958
75679
77125
103255
145156
86233
119459
42127
101386
68307
133407
22479
161286
109637
160874
52853
140733
47886
40109
25058
25084
82935
57709
1338
111581
44582
82122
90026
77944
5215
73669
73918
119578
138781
26984
104952
10712
38951
69274
145822
73058
29417
140486
50421
106567
10085
46489
63308
62319
14635
101609
98365
19096
161208
90987
113628
108317
93887
22987
27955
98296
96814
117829
41760
111504
157478
51328
6682
116136
53837
110744
149935
51220
1289
8789
105406
88770
156228
38633
104184
90830
37511
50002
14766
101761
121876
66413
96852
61688
152684
37042
65341
94840
115420
132322
66922
76532
5928
122402
137828
106608
83790
146070
90267
100086
105125
28083
3297
38193
36556
65255
86384
104959
27083
17327
79932
1733
81045
73544
123476
110787
17461
88778
99795
110941
120746
21445
112680
126802
87811
161151
145247
37087
18611
52919
17603
2438
87897
102520
78556
14287
53996
13006
150420
159255
146846
62380
41454
147277
91968
136460
145116
56961
118131
14680
119276
138657
21351
134772
51773
107093
81394
28796
19311
53758
156600
119715
141563
35802
127876
26345
121184
141091
100314
36267
103920
118614
110109
42149
61886
22391
123441
83319
87809
150294
90910
5420
114348
130916
108550
38580
38332
60378
42295
94298
92237
128724
73655
57827
155890
63829
140559
5685
51380
102783
139558
158156
59402
71359
100166
87797
160317
52680
127318
42774
24472
3321
103789
19293
101915
93010
139231
42678
97683
70916
86370
21215
118987
60333
137989
146458
91546
44794
143229
79178
123065
108215
89284
116930
74182
35392
33501
45981
47674
19089
124402
128992
35576
31876
2625
29913
42577
135030
115848
42652
21979
79409
115448
108531
136294
35870
95993
70272
30645
133123
18982
103666
11944
84033
134719
128468
158220
12107
8692
150157
54450
145062
93020
95653
43345
122909
96251
149361
8641
28561
63172
136810
133837
159631
95893
115039
6734
24430
159328
47790
3407
103591
75042
77026
111491
107696
6832
74431
103706
148393
90201
8266
38346
146499
77945
77963
94548
90363
82236
100881
130393
56230
139561
45333
13465
108710
37719
138763
141703
25885
151435
97199
129103
102328
102811
149519
69845
42027
139769
78942
153199
111171
47892
111410
156275
69008
20565
91969
83236
150079
85514
62472
64924
12151
112406
46206
49859
132859
88449
36638
34886
161506
161081
148896
5929
140349
142262
4071
21543
135571
135628
32607
137108
69018
22965
81838
87702
146910
160505
67104
62620
121036
102996
34659
95014
97733
180
112179
147642
25165
53107
72123
86588
38317
88578
84254
68924
19696
60355
11440
3765
10922
6214
17811
90576
56836
101586
126808
110090
14858
110489
106905
97462
157189
113557
129819
72445
111573
161004
89675
115182
10666
58114
121385
145807
157539
19377
74287
91243
142609
88607
15784
157871
53019
57830
114638
53653
119954
138751
110020
69477
56842
49033
19025
122658
68223
79678
14241
148786
120066
148295
140016
124518
110810
38790
68953
16128
137283
99951
106112
131476
85768
151704
4998
112985
138697
109459
29542
87444
67
127618
159345
150061
139377
55261
18205
9380
138435
12622
155295
61817
145739
134765
115058
48052
100992
34706
106428
146810
154978
19234
109299
26992
93320
145520
107368
73820
120591
140291
60574
92495
28030
21459
63811
97879
88888
98563
27432
25203
47207
18053
7015
16301
7225
133910
127691
47497
65443
39999
12238
96156
13572
128795
31911
3973
61124
21858
48971
125109
74734
75776
71171
147865
113533
35563
7543
115201
138477
6758
118184
79938
121316
7803
8360
94327
145794
33064
155397
106028
29235
19959
97029
115368
109414
39169
35239
56211
112202
127913
72513
23237
111827
43470
149089
70993
121791
11021
91593
123414
70135
110448
60284
78055
9780
19946
161002
29668
111234
42666
85051
94893
15503
86126
130666
104119
43433
96386
71400
123396
101823
23547
75280
138426
5396
17456
95610
100693
123128
62860
30050
116884
97528
63900
71677
68793
101591
10169
133812
45455
44087
124410
146360
159999
37318
13933
91206
149785
94146
31362
135619
137051
134823
130598
128035
76191
19240
114425
140075
102748
12284
139575
26381
59060
11361
77109
7235
38328
78579
54986
25091
50115
26956
117885
35502
53658
29280
139829
48632
141638
96739
141830
153391
26128
15365
60620
102086
51986
17480
113443
21027
73404
34864
107852
302
2906
107248
64494
83138
26334
82681
120501
123941
22577
160199
159848
7828
91368
126858
93531
54942
126480
60710
44489
4280
128232
115533
132354
57449
74986
1843
38041
67661
57587
63369
139998
157098
96302
84970
112962
47373
137765
135812
151403
147151
108672
34506
62176
93279
15668
131466
107098
161402
100427
145996
20055
18793
120545
63647
85347
135771
33303
45962
104665
123528
70477
9560
90560
119455
157844
118231
94342
155107
122901
67244
100384
19109
42691
58721
160321
38941
67882
28498
143047
150336
71273
89671
19090
46674
68808
81141
106604
52465
107347
74857
120466
142572
6421
56375
123611
70722
68776
151844
17996
62703
23370
140211
62203
131347
50834
65220
156347
77578
69715
101261
144866
154820
44908
3193
35135
67650
10291
145155
70765
155368
64569
111485
2737
10545
28832
146026
11092
34747
120373
123483
84623
145844
135699
52326
84168
116256
100602
103632
141696
1820
132287
146662
116576
133940
124908
104425
93034
22334
153377
137754
40590
71761
18086
7793
143724
152087
46357
137925
65424
139012
128147
97158
131308
16388
74870
58694
102871
133167
79094
75254
2618
154061
128977
78189
101984
47435
59393
108561
152135
9325
22767
107766
36262
130033
65196
102472
86933
35810
140520
148714
2600
29888
139207
150069
22052
157446
131195
43340
140159
110426
138884
64791
109288
26909
80643
18801
72523
159172
148979
26320
117864
124140
145973
154169
29776
115594
99948
72415
13513
148060
2813
16793
38760
123803
117652
60453
42981
43736
135702
77501
51923
122175
27456
50705
144911
32839
158072
67653
78281
102117
114677
124677
146826
65661
87919
16825
88221
51885
7397
71553
66380
37308
142137
25766
48084
19154
19585
15932
70728
34725
153691
42788
24158
125510
32793
59499
151838
55433
159329
99408
31692
10867
137510
118303
4347
44998
111364
30869
43652
20552
26046
43023
30090
78246
133987
101231
89598
60297
68775
67031
76915
6746
46737
61931
91691
60703
10853
124509
67976
150752
101789
153049
128398
81567
53869
55664
121396
106242
106623
46651
43869
79688
84076
148161
10001
17861
3749
20875
151444
161070
149735
37158
60368
134143
138160
50118
13546
32118
20093
105887
90851
100477
153953
6507
5616
133316
110658
71504
97470
139204
118056
58181
47487
99903
119678
61777
82222
66911
59059
129944
93998
9994
3187
106578
116766
115055
48852
52204
92275
55355
128179
130836
104532
81346
82226
23604
44914
39797
47280
9678
151387
8672
98348
90478
113767
95839
129960
157921
73781
131773
66770
38306
143287
65550
13154
54217
82041
8454
93895
55034
19368
21476
84304
75036
1954
2541
7234
126091
126543
1770
145326
86855
34196
64312
6338
140081
36082
90757
98773
32249
58542
78885
133283
130152
107897
77422
60110
66344
143307
145189
121301
6585
117682
15415
38464
45910
47846
150925
147174
100913
81958
124065
120326
83295
26926
49837
125843
147736
95499
49540
148998
52909
115671
19613
148352
18500
104069
147116
93680
129141
28299
107389
157776
34494
149816
9360
95759
26344
35823
100984
21272
138298
72826
108021
102368
108020
77747
63942
41789
75687
3761
65589
131798
94800
148992
55366
51035
113702
67433
18014
62775
23670
45013
149603
100677
123044
94322
11363
110239
62731
4735
123017
69138
6755
9212
68814
47958
105552
35949
140688
61134
148642
108742
38811
34048
112265
123868
79957
105519
156846
124917
152578
136195
29257
115965
53452
8400
144087
81936
108519
104740
131059
133716
34009
52257
107596
1407
103424
53016
20806
120941
157459
149685
119758
145145
45876
149997
23624
69265
76474
110820
15721
61649
139604
33186
36531
117314
97622
36670
110066
119240
151411
153490
29829
54446
139632
77480
98571
27476
116811
134333
40210
71780
115026
12689
119658
71734
61543
79829
271
17647
15273
4448
14383
84489
20012
136697
20377
147807
1554
9100
42493
79836
117129
76945
102360
112864
112873
6038
116297
29758
30077
133572
138541
38661
49507
140264
100213
76942
124783
95631
70497
88628
68831
8731
124328
52585
91216
23863
10425
114733
71327
834
81754
65357
93536
22690
25294
13827
152901
57461
24914
133959
24439
128092
91366
150450
11147
141172
149493
78474
136243
150335
2276
58219
115855
141553
91739
131614
159227
89426
33745
127778
20739
95220
66864
22568
124272
69237
101978
38506
115280
52181
87176
52621
81549
50917
15400
149405
95647
28128
5726
28705
119185
140991
1180
61443
25314
151621
54765
79412
13450
95861
69502
51615
49915
29619
133503
105092
84274
158658
144539
26782
3300
88250
160633
26673
21444
139210
145463
123824
136587
151105
45306
52702
26367
104854
82837
104634
150926
3006
115867
152171
98977
23024
130584
68920
160328
26089
94853
116440
54475
18953
138362
120607
110830
69184
121011
64174
64549
124175
125151
53492
30254
55213
102034
23528
54362
96751
18092
7900
36418
130050
116883
55549
82014
22846
108611
37930
148634
17665
43654
3737
147411
44088
68751
14652
110628
37644
131532
115399
122650
122649
135069
29388
133229
64681
18944
1830
24654
46393
35789
130405
97272
101121
41860
148658
6648
136084
62347
33711
137427
160009
1923
9698
110413
82029
125746
141752
125061
41595
20856
11492
36270
64833
123999
24330
29626
36212
138769
63698
111112
41110
65063
56325
88596
43095
76473
617
4590
44427
116346
39678
88643
143872
90928
90527
100155
87467
145845
98178
3296
12608
76822
2038
137234
77065
48663
113639
126237
139294
123348
6069
158098
59188
111586
48639
127200
133319
99035
113919
130314
97178
14849
86005
144675
84249
41429
12299
28792
89680
157309
80641
134630
134915
28613
52536
76943
54109
53249
109422
129301
48192
17464
62297
92529
107792
151930
13397
151893
68858
90759
38746
115385
52319
13381
103901
83001
4102
20648
4555
36726
141527
147561
104104
52957
95033
46411
84612
35353
75218
96353
2071
97401
140553
147689
19503
71836
17493
89559
58622
37727
67132
159563
138844
148596
86039
112189
122241
23760
81756
118965
100903
120659
63870
35220
139852
24987
10202
112608
46635
109368
89876
3595
114088
49572
45889
47876
61667
22800
76333
158344
53446
43473
139435
133691
81136
122628
35105
53112
101932
105053
72141
18073
15938
112587
14491
17214
13503
45280
12593
99240
103906
77306
7581
85516
89871
75526
86202
60918
39072
96478
19135
19376
61760
83744
67387
28407
60966
116549
133897
106533
107157
64931
25603
47827
48038
20191
20192
108955
45880
130697
129113
34975
124629
159889
158889
35815
129780
39650
15816
138624
48297
110665
37882
67407
92740
39291
4244
122177
159687
8372
123010
19865
58778
109943
118356
18704
105814
156826
124854
34676
78519
34675
68606
16827
34906
139524
112291
33196
147842
15815
131469
128545
112064
53546
30488
116887
134461
12489
143574
120379
19582
32047
59943
100423
159269
47059
100529
76946
6845
33564
33613
99434
95597
64512
5832
117685
18421
149861
9530
67077
145875
89211
63978
51683
121925
142212
62023
14004
94228
25034
5760
81168
22250
133182
119839
53089
74011
35887
72092
96670
60747
39784
81000
70237
143692
123377
144538
83700
39442
39420
144687
84299
72241
106330
5622
100336
146404
94778
103834
99023
133936
149148
156001
37274
49897
110237
62720
134469
112250
49583
127972
31242
37122
8678
141639
127462
17837
98074
101699
113490
123640
88071
143477
147708
34619
130389
42323
12809
77701
8729
72134
142325
147193
120527
68115
71172
10920
58395
37147
1835
102440
37285
146001
141804
135478
2835
106619
160888
66153
17806
4503
45628
134540
535
37478
71971
1966
158612
119887
139197
97632
98970
76990
6742
98973
6045
6942
99525
137551
55623
136821
15530
18032
50283
11410
74342
53931
111419
127015
59773
73059
29265
16153
8402
84130
30711
134701
63011
5711
68829
31536
57305
53861
148385
84967
114798
51198
11225
158193
66474
68207
127093
65090
75408
91858
139540
8494
123484
154524
31086
66886
123299
78597
63000
108567
59476
139440
19013
159810
34335
132297
19648
4046
31630
80856
33219
7948
63176
10210
110005
33149
145963
158970
31680
33928
138103
115423
52364
17482
36612
109581
112613
77325
120260
18503
104083
7422
10989
125373
137067
28966
132754
76004
97903
137825
78696
72435
108500
150518
86045
33473
133038
68990
81234
101154
40084
18507
136236
96201
13878
98238
147849
1778
126838
82485
34031
121367
47100
103104
144185
102733
977
8103
6562
118903
91871
11360
151359
25362
33343
7605
148612
34812
75369
122707
14914
101408
57088
147203
147167
68820
159922
6598
45324
149986
142943
128832
67747
47728
1293
36293
141032
48543
75772
159243
47079
71556
140030
158844
146530
159648
129020
51027
137733
40859
60759
84285
135008
8273
128446
67201
2179
150640
11887
120752
145281
12814
119592
34798
40159
69778
60708
83240
26704
130441
111372
26364
86853
122507
143122
158350
135484
70475
46930
148164
59223
43921
92255
147205
60137
51854
1395
67920
157408
11366
142697
83271
108912
38740
88914
57062
34156
98512
30028
54742
67777
20460
28133
120239
131908
8215
38055
78636
157570
133162
119258
321
128002
23032
9821
118653
59690
60521
105339
41756
111766
121902
60987
78948
132971
109324
130941
23066
137747
55245
63818
35650
140363
92612
118117
55324
122339
15058
56875
132766
34463
62117
129906
148117
108146
63728
97845
57072
89241
54644
82155
148201
2582
74753
1211
148927
69257
77920
93435
43459
63948
140998
69256
17487
19457
35511
63657
61280
93635
110042
33456
20979
91342
101307
20502
45682
125721
105040
11290
156914
157561
77598
100748
5014
17359
98669
135866
11480
151837
57807
125118
74800
72637
14735
57261
143827
40726
76770
33941
108007
12737
49056
1702
20316
43381
87255
144916
32879
99730
145553
75061
25032
77657
145539
37942
94192
107041
148620
93421
147262
22437
123052
76370
27991
645
4743
15205
147444
34735
117695
136237
4619
94964
53285
88272
80155
107558
148504
74262
92175
131019
25849
142694
6022
118924
34019
139260
7728
63982
36680
19816
60281
125448
106078
106087
15689
88974
89009
89023
157681
54701
54900
55074
134144
25019
57835
159695
20935
22677
83665
90893
48519
116086
35883
101084
125087
36119
71995
94299
28157
2968
100341
148405
4153
18991
37530
122011
122401
266
109592
87579
72409
38479
82197
70682
67437
152984
8880
71196
70039
122528
152174
35661
75126
25112
40147
42622
90637
877
133285
7045
83037
109185
26079
23537
106337
90899
110093
17004
135260
116769
16758
72680
158845
61255
14480
90394
101676
21519
108449
19283
28493
96512
56778
108640
73902
7248
51729
124755
86434
5099
117344
54145
119249
101684
101685
4073
84936
140761
57521
53969
22664
84861
147069
5839
3134
76563
79294
9459
39391
131670
40166
146247
31957
43108
111379
138472
125692
43898
103096
152838
122774
68543
122246
52882
103528
54502
11947
134503
358
132402
12422
4417
97684
16995
14292
12345
3708
109596
28136
151557
38327
51733
48062
70727
89668
72374
51907
40557
36005
74973
160811
50054
157101
151981
19434
753
150899
8654
78342
9232
950
104261
93399
35186
73566
93125
94944
35851
116034
10770
58812
122523
156793
41097
31538
75374
145697
102285
148660
123149
133906
43338
161077
144323
62278
15553
49811
14933
61111
96471
158290
25044
109747
134706
35053
119412
78982
11848
93623
56187
144686
154217
105522
26463
4577
39173
156997
56205
90204
8534
71969
48355
124087
43231
121343
16514
159979
83783
28435
111417
150419
102727
30980
34946
55850
11605
69864
111943
127613
151492
154209
134622
68329
363
40193
10305
55955
49210
90033
141921
144968
118114
117607
33272
60258
110993
71637
89358
145256
155980
19038
121045
140880
46936
5486
19144
22943
2529
83747
28414
52254
19532
8301
58385
66136
55580
62076
119464
152935
112219
22040
37578
95270
146739
57759
120169
156251
139229
131727
16629
108391
52947
19146
76594
138967
153894
83956
58
571
4358
115197
109367
50652
11033
130192
131097
103289
71160
2886
3188
108260
143102
103454
119287
35342
54797
24364
13429
95018
96704
143661
15482
85050
18354
11965
73227
24733
119079
60554
50875
139859
58520
37401
66552
29334
62751
23602
44916
160322
41683
74970
85790
107195
24749
128389
1294
73992
158852
159761
49202
157484
67751
109160
143659
88247
16604
155015
151368
71982
153721
114726
35465
63207
74079
151458
161154
43946
123914
16824
93285
11531
21689
160421
58028
140101
18884
107014
42123
66156
45009
120072
139423
37746
67175
149380
107196
730
5221
103828
80335
126396
96707
90013
118631
68986
19872
70104
157352
83594
101768
1882
102689
30863
134869
119405
11423
67975
150751
103686
75755
85223
129312
158627
23495
41464
74072
28793
5202
5226
113754
48858
73523
127120
58179
50457
11445
105381
121353
159483
127220
67065
125870
95104
62789
56091
86983
122831
143666
34645
110984
39991
145547
120588
125979
82913
30477
147337
79056
157239
140357
161471
93463
88721
11178
38
65937
113638
80912
96314
237
122884
87367
89484
157552
15883
160928
89366
118179
93005
2017
72510
90936
65891
53924
81797
157251
137632
41066
26743
151633
106758
51058
58706
23401
44619
122543
67938
124546
14297
102425
101809
151786
96472
115963
77794
9025
96958
84294
30004
127969
87411
12484
148679
100629
37313
11367
67182
7548
93417
53398
104006
149748
101146
125369
122251
64828
124379
72629
17694
2790
104692
64034
93507
19421
133630
148464
41250
22826
147520
497
97502
110065
87091
38973
144045
3141
151573
78432
120776
3908
9109
14464
105762
14465
84703
40518
20645
96015
70910
155834
4992
25332
115400
8069
154644
159598
79452
20492
32075
142428
131290
137091
82113
23273
12185
1460
43727
97370
117182
64714
13689
26474
73914
52409
43334
86985
6049
54260
77147
145132
12095
37762
67193
51241
145477
87487
124089
62438
93229
87824
66202
92080
25585
157234
1694
123477
28107
158807
134271
148442
22411
84990
12932
37237
29662
159412
42661
121533
159044
40501
20462
96505
33735
96752
21211
119792
33743
107127
17369
153706
87323
15067
52505
52929
71764
10343
14859
67926
160611
12872
102497
39237
38502
124838
147091
9082
42378
85788
13
18100
83007
33512
90020
56750
42868
76701
150268
83773
115326
123638
84079
146
110693
49180
11820
156474
96403
109555
80520
146272
157915
93893
62043
86035
64835
38068
146715
102566
46036
133861
7669
35592
118064
58187
75775
3977
49666
72605
20845
117105
134756
35363
148794
133766
92602
26963
49891
95602
100662
43742
58946
47653
96830
108208
37829
90802
75702
46893
161221
70381
143035
56260
86285
79270
12813
82883
37136
104931
83247
114038
143589
2319
112208
74322
93064
106096
157715
50562
110049
101583
70259
29625
59128
61244
154173
23692
98010
24233
88611
79372
104358
147038
2871
98638
83039
97026
108881
61358
159621
108152
14805
6599
62931
61143
90000
141318
131445
2102
103839
96623
43726
52396
60882
184
3117
141472
79959
7369
56231
16814
93269
13119
28827
68025
11141
148795
5665
132221
115267
132145
57669
5092
119299
158760
7586
10574
101159
86954
20693
54627
1517
7559
73631
153996
51976
55254
81652
34421
7675
103121
65710
118329
54148
115746
118171
34615
5573
106570
36147
82285
23871
1181
91250
77592
51801
16668
894
109243
26633
69745
100454
52859
146440
5795
140239
132630
44028
126697
79761
8981
76396
98694
317
87901
148078
41780
75573
97087
120206
9805
12279
1866
21592
106081
61654
5989
51064
149668
55330
152701
24327
128011
44419
97869
112131
115492
138961
111196
23112
30010
151858
118709
137633
8528
43788
107954
92241
52798
83977
53101
77220
22752
150349
41142
64893
112344
32087
136501
36944
45113
8895
124986
120003
146345
105945
81096
141820
138934
9852
10948
55560
130899
41878
19598
8265
157118
104237
8085
107686
8255
146144
53959
22639
91877
37559
158154
70188
148907
23198
157725
134462
121804
40272
15842
71237
103478
161217
15622
59557
70818
105910
23628
90964
54246
119617
33937
150920
47171
54947
74466
121375
91392
78856
11567
93031
111135
89577
58769
55360
63669
108024
112178
49589
111132
109854
141069
144255
39528
124721
73462
50582
51675
85150
32706
51872
157261
118802
57320
60783
114058
19321
5758
141747
1616
123755
71581
111853
68097
66612
136185
120673
42387
68226
12898
63241
137652
73757
93516
88963
118844
155370
147224
158814
126504
79077
12142
53826
22196
67997
79179
23396
68807
22890
9846
102434
88915
77287
90573
101253
125730
14429
30952
54175
53926
156309
8805
40971
137679
21857
109114
25469
47566
59755
38143
67824
89997
62388
159040
3921
27618
153316
48107
39375
47504
23909
20626
49668
63515
46992
139566
27973
6539
143249
149663
40043
160319
104037
149896
16968
10114
159895
55396
26349
134140
67919
159443
128343
20587
68979
108983
25331
129038
156536
40095
91349
137888
82257
48658
61359
81795
149149
70864
34662
64348
127055
45605
41376
102557
42714
7764
35882
157755
134764
23714
45099
59991
73680
93345
117379
56592
7281
72798
89483
143719
17925
28474
1402
125780
80850
161271
77764
101071
41504
74161
59333
86228
64263
74623
45523
125678
86874
45090
74819
101442
32792
124861
44311
65421
111899
125162
75155
96234
132222
156132
106240
89312
56794
31147
118555
56638
130110
69436
124942
30961
52747
96046
41801
23235
20126
145891
149159
58502
124204
56020
65880
70922
32771
33673
49173
11795
145352
56494
54042
61933
15506
106925
98821
115850
35567
63371
29489
11153
72385
21870
122871
14737
129712
125284
135518
32014
12315
110790
35446
82923
129432
101198
42214
135786
114501
49901
21692
83209
77939
9508
101145
55004
128109
40623
94027
90442
96737
55658
114195
149318
90905
124963
48589
97187
20490
158045
122576
102983
81362
20350
119808
19643
28801
68103
106261
71391
87760
63844
7076
8306
123998
79055
160934
20163
96750
74987
156960
35014
63295
139665
139938
56706
94820
18706
150396
124104
24178
127158
3697
124106
15554
16200
159060
75798
4047
102751
18184
88374
8226
80793
17975
4367
120919
64328
78072
3481
142421
90371
59451
74996
146241
6308
88331
126864
16822
23541
86606
37310
98390
6945
137676
9091
42439
139279
125079
40376
72055
143056
10933
125943
16985
93802
49449
23403
63499
60834
126296
14230
106515
159229
156683
29670
150234
83930
129469
28527
138874
67989
127430
139122
14167
60601
98818
135717
118773
12098
71596
74260
161526
3948
60605
38713
36635
131500
141447
95921
95420
128462
119646
15527
83935
67779
88786
76015
60961
57596
111934
79426
13473
27145
2499
113
95466
120209
91376
140
9265
78016
9713
4580
2715
113669
48736
145582
12613
57484
149746
9013
155540
63106
8092
79671
77341
100180
157919
78182
10043
113211
81189
58452
136850
58770
119413
124765
111445
34256
5719
17323
22540
40704
46063
53893
111429
51357
18668
3412
22486
21731
71878
41836
148538
93919
127756
26242
147468
94834
140133
54513
101127
80926
98994
130464
12390
66145
108360
124373
72624
161109
42533
52862
61184
66358
115489
112647
46712
18278
141981
126000
33814
26101
142963
73364
47666
48096
157112
39829
3049
128481
141776
50782
15070
19355
121778
161475
157718
157719
49195
24773
72204
158635
119888
95949
119160
26605
63745
121377
101655
12211
113887
85505
134302
41229
79461
111198
13907
153755
62846
129331
77234
62227
9349
43301
24385
46049
153073
151450
95587
30430
14851
155570
63885
140705
51695
97857
156599
66049
101994
53097
71426
63624
17514
157200
145983
132679
146801
106657
74731
124008
53082
19550
53270
20039
129630
148116
18585
65238
108145
124885
147150
81137
17098
98428
93391
34051
36488
156906
114805
152294
8648
123965
71714
88527
57022
5886
13526
114915
51452
87284
39581
136629
103627
59769
8682
74916
1696
49593
6052
26774
148015
96394
144944
85349
33307
137976
119131
73073
10427
101382
126181
65172
161220
158077
134069
97410
72053
128616
94251
94661
94963
34508
94284
111381
111756
104317
57464
96666
65669
65654
78846
101391
17725
49957
111154
21134
137739
103119
17140
68864
114731
79872
19020
55737
141663
31636
55700
61029
86974
86321
151118
105050
140275
146010
38222
67957
44151
7655
58722
136869
137447
7673
87937
5919
66968
149002
141483
117878
56781
117264
67640
46550
90035
141959
102924
5815
111274
81257
129262
121773
97393
21191
23261
89623
59266
70059
82515
18282
9568
154793
31978
108645
28848
121059
64669
119414
77992
133321
122299
122321
142842
133544
79501
81787
127568
132347
76329
98559
113400
129623
13013
81195
68423
158601
24219
65939
130768
118406
68870
100667
38879
19527
22630
72528
149021
51545
121369
65300
104001
140933
95992
114740
116512
97412
21298
64510
25079
47031
34970
81530
135891
147190
79189
34852
55846
38492
38191
28054
51736
73712
93449
49394
8837
68724
41323
120159
39685
63594
150
1647
68866
79388
85536
53036
45773
42343
150737
12311
96943
116176
133424
149353
56121
114079
76330
124741
43448
124598
73535
138043
43710
90724
75114
56691
58201
110360
32987
33108
137751
125043
147406
40
5301
56574
27202
4230
56304
73381
160345
116254
145503
68965
55504
45327
130535
161227
10825
79338
13169
62064
67382
109313
114305
44023
106863
160511
157480
16290
142134
112712
46840
76996
43626
80525
106804
160301
60848
84452
116868
13416
22734
107063
65170
61990
8269
1352
80981
108221
37564
82698
60220
100122
153727
114757
3176
88951
133693
132935
130466
107116
160902
70213
118126
136565
96638
99521
118234
147588
737
113827
4533
124289
146200
149486
35978
35820
59495
13144
20193
26940
49851
19953
107305
1675
67323
77300
100777
50507
105039
84030
100612
77299
136731
9400
23209
44351
81555
108897
62345
63404
93014
37990
134864
56275
132072
109177
46005
147775
1143
99786
126353
39006
144079
156454
50309
74355
103335
118102
136617
23629
44941
1270
151710
50931
137445
117916
90706
122616
93883
66814
140078
57014
32405
136880
90419
86399
73908
124019
124083
115449
39871
26715
49465
71383
157629
54573
43676
38025
142978
25847
138571
102603
22408
16692
160383
114194
49821
132812
93248
42045
137049
96672
107484
91689
106794
113416
150329
10839
59374
65615
49012
141593
143563
52714
28275
56422
121414
83801
122792
89222
56532
451
3838
76310
98517
104776
38368
28061
18061
44969
129843
121411
141477
46918
157425
51620
131022
131023
40576
102069
54960
24985
34308
36956
101180
9746
111081
16274
91102
120075
61440
123098
69310
81624
97207
20548
74847
74447
67316
149617
66831
75640
106904
46517
4455
101808
130006
90451
156751
27397
87417
85362
33404
78436
102351
135956
34073
151235
15864
42794
82635
71116
115274
149426
71976
100495
143024
121000
61438
68268
34104
147769
160303
146721
127747
80366
156005
37111
73144
126182
84986
72944
124605
80762
147390
97002
69719
45236
67281
160490
86014
77879
139223
8363
128609
53310
156151
68334
9966
121071
90843
71149
26616
129804
151968
37834
145783
142088
32759
59439
57863
120505
140161
99443
94502
49655
13005
136229
23391
44605
45091
127966
115837
132847
93428
155538
99953
57218
24119
78825
101617
159896
44326
16518
45015
85789
132117
156681
10086
94070
959
117081
134727
144018
110145
115857
74873
1534
37938
27943
150853
66343
684
4564
71576
14115
112032
127704
44365
83858
28616
52545
46290
52683
50053
902
6067
133670
150724
41408
34149
129867
13349
148444
55274
158826
116284
54192
109711
116768
79214
35668
101589
52309
78126
150455
74820
94193
79914
62538
36761
141562
114614
115334
151213
45913
98966
151385
86533
132063
22768
44163
161393
109526
28535
66187
158837
72763
91408
78925
138631
89760
61156
85589
152054
43886
112206
142455
141673
119720
147996
96600
17096
92173
153633
114567
50667
106552
159366
78371
141773
103750
100293
64702
4551
70428
143920
20938
57023
99888
126816
68904
65624
3172
53485
104587
147007
88476
21395
82110
23260
44436
62824
130227
21821
89361
120017
31213
59529
42542
937
152606
139064
11833
70545
85671
6977
86602
140230
114269
73823
145657
41327
133145
8766
1714
49410
53441
37604
3248
93329
88435
111374
44204
107066
78456
79627
14097
58926
122670
68291
101658
111822
4343
82655
21500
120167
8906
147360
35594
41884
160962
108525
62036
23625
127402
17682
92057
153170
34287
158762
28318
161469
28873
125172
98824
152644
108330
160198
84832
64
10782
58852
94078
27189
50311
15950
124543
157390
73074
65797
26360
78756
147451
83154
141292
64878
156972
150348
73503
140214
642
61260
143626
18382
7678
60473
75078
2080
42438
51999
154747
1606
155752
10102
61536
158389
77732
76051
78596
52119
70053
77077
99824
98260
25838
32964
87812
158296
58323
65870
5856
53286
133956
14211
29316
42060
77443
65660
62655
134165
136591
10110
89877
35183
136330
51979
41067
146820
34628
83334
50099
74251
97848
80806
103571
114397
50744
105551
121278
13598
110101
80184
136887
38646
158809
27169
46725
48652
37113
137938
65041
17767
104212
150749
148321
50528
64713
102588
151157
62670
88303
43928
158755
453
3847
6316
62734
135598
40027
7538
98278
52224
26453
49065
58831
63344
107769
144393
98858
1941
11388
77746
159430
4641
23572
23702
119925
127808
48461
161160
144395
149348
47419
124816
110755
68233
23125
138233
156000
114494
50482
68959
92610
12651
24660
104859
82852
89139
84960
59501
89825
134053
10272
3189
121813
132418
18424
103751
51335
43331
23040
101490
160479
146965
120423
76743
158965
111254
98922
29486
113530
114145
130597
72175
104216
44640
90723
2225
21258
55463
41798
3889
61544
137335
149893
44320
130880
138438
128503
99451
136366
139916
59979
61687
15102
142745
58775
21077
23383
158957
40006
98675
30485
55588
79167
45299
57092
139426
72481
17504
1846
10813
39003
49896
56840
117711
156887
45626
66389
22240
132345
4767
151961
105712
102396
36303
64879
107079
160923
135515
90590
99422
29604
140113
16287
91159
149589
124456
81591
116139
36388
158771
67697
158935
83048
19905
47077
83207
49236
15357
158555
93694
28388
67490
131603
111383
8725
87739
41132
32164
71006
3177
50185
8157
122129
67032
58489
140231
108013
149648
96484
20461
44480
51868
156947
156912
41813
36175
102675
101873
90241
128121
88769
39868
133673
60789
32693
70667
65698
87235
90139
153906
51875
100930
142021
75072
160494
83411
117148
105948
86262
140782
75727
92679
81753
87026
38783
40612
139254
60320
78307
44278
126992
127078
99753
104043
149940
34639
132807
80117
115924
53356
126570
19684
111779
78642
127751
72174
102327
62465
21380
29664
109127
88842
27657
51066
22982
157341
34862
62614
41863
95807
149982
22895
50087
26493
74256
93749
160979
158064
10034
1302
103004
154099
106092
58356
111517
35274
13281
106728
84214
29782
151258
14806
88891
129853
78582
10952
98959
69322
48545
147309
7449
139543
90685
97939
30838
117208
56131
56206
49805
13232
150342
151373
15325
137466
40505
8826
114872
101038
88617
151291
90988
11561
145790
26964
130733
16029
19831
24713
128355
156715
5884
91346
10911
40042
41925
56660
30373
55405
16811
93252
74033
94139
65524
86587
48170
7002
140556
111268
125744
145982
89799
139170
131358
102376
8102
146063
82514
93397
157339
144217
50263
99629
33443
155915
121890
95690
42054
149502
100329
17693
150153
116020
149421
108512
96705
120758
30059
61037
159113
76326
93246
77990
9662
6822
58965
144051
99893
159481
94274
151762
94155
142955
65237
93019
38204
28160
131978
150657
103410
152018
41495
84490
3851
31612
158556
93228
4406
153363
76831
148601
41439
42639
122685
117251
58933
122688
52812
55062
77808
101233
104335
232
64013
22
2755
140288
1070
19397
79530
104727
11912
146106
102651
121020
64575
143340
28519
52382
158802
94380
28112
132021
65825
45421
98007
12094
23696
45067
48496
129678
9234
115564
99946
138573
161382
141822
120645
159144
110364
36004
85510
119392
3380
90027
5507
66377
28467
109994
131924
104407
49696
4687
78550
143166
130207
145993
159281
8473
67580
150003
46966
104751
82223
23599
103542
8071
90888
82395
54682
28800
91720
80859
80975
111005
23619
127398
74579
27503
50783
15071
11249
130434
46373
4170
110453
73384
4678
75426
154805
153509
119415
44242
143455
155675
9981
94569
39874
89754
138450
12513
46214
113563
131223
85621
15872
38654
153523
96333
139768
3935
33360
138010
86442
30434
134393
79287
78162
152272
84693
73065
150602
94269
121816
75287
107656
17579
14050
153436
58776
91024
76327
5477
92161
77143
127521
64316
145866
145438
149428
81391
34277
61815
90588
90705
125144
4382
7382
30719
42101
19697
3592
8324
143685
96659
156186
115787
115789
53086
130569
12744
112995
157493
73896
91236
122257
124114
7566
88323
20623
144600
81893
152173
4070
65934
3628
68799
151875
94443
160549
87063
123036
105871
157027
89335
35362
92036
21658
5176
125432
101124
99026
131251
39422
63388
110802
111023
68080
122733
64232
158821
134281
95973
60597
40339
71984
19540
41184
73550
87171
22318
39064
122517
67848
23960
118663
94059
82670
34948
152239
115495
132407
107956
51762
17088
4686
91869
105890
84025
5998
78492
102428
73626
73344
9566
76040
142772
139049
150539
103073
132141
147927
97495
468
63080
110457
141340
152479
65349
3250
19349
33551
157885
159478
466
43429
72541
385
20106
98772
137457
59553
151508
15885
39567
83717
12980
7592
78679
50694
102370
57724
91752
102325
12206
89424
59998
116423
26073
4605
40866
7964
131783
71521
156976
7299
109092
141439
20827
1621
106968
96244
108092
95950
102853
65269
30015
1060
17246
153176
9305
21756
53
38159
15966
158332
139731
83486
127829
71772
101674
56235
13246
30651
89078
120646
120797
64139
149019
90515
108793
22807
95681
75386
38687
7336
139144
762
5388
146025
97385
105306
77154
157422
137855
125245
75993
97909
111547
44528
82615
112627
152023
19425
44342
42409
79465
13571
118263
59851
145860
129359
111495
61288
64224
24004
8086
38950
151512
89725
60659
34631
32824
81124
87152
57537
34238
141123
138729
4346
131864
137414
113836
12413
148434
159266
77418
100375
118556
59485
48613
126971
93156
151125
16979
143473
151348
53418
33938
21969
122476
41361
73920
36127
140844
79525
151788
17667
75145
121440
77266
42761
37234
156921
9663
150624
11838
9308
43153
154982
32910
137525
52159
141939
77508
37125
134195
40409
111967
63579
147538
543
30021
126789
53564
46677
74994
84865
136016
159070
9377
22624
124460
97760
117933
32124
116240
100415
31819
63403
20083
80592
123658
2284
37940
1229
78009
143345
70665
10546
26965
132554
109580
160714
22866
76685
16183
89964
94890
150091
111387
95138
98479
58089
146075
27087
97394
90254
82777
31736
50494
4357
151452
134716
128792
115120
13701
116244
142818
99392
10416
11881
86531
128018
149269
41828
87197
69196
9032
125413
113708
151743
98604
138240
137669
101767
122657
79673
14236
22249
38621
148458
22536
150276
10157
46479
42419
71320
57043
32534
143086
158279
85893
53426
31933
92654
5730
68401
50813
147378
10778
136909
122563
103562
74818
140374
40535
146145
53325
125330
118038
70142
58496
136126
101481
91806
13195
128373
20613
96056
59594
37325
66414
34892
12236
147916
45359
56537
26296
48854
118389
104698
99959
114585
75022
145283
86716
66875
114592
50707
40268
71873
64072
22887
77491
88443
75412
151588
16399
20023
152394
136822
143948
88363
15917
121114
121374
146153
19638
97398
31872
17754
134289
48607
81089
61422
77014
694
47390
7179
2874
31676
128308
123099
2067
41874
148725
107459
95150
98534
3093
79285
64160
39700
49257
21752
107600
4472
22855
41854
107632
92990
156090
129493
73132
7705
24270
14273
77311
122410
156508
27031
7755
141320
40342
97770
47324
77022
2059
107659
55867
25160
5705
52476
63146
100428
152473
43458
54135
118585
12460
58498
42719
45693
85339
137957
52525
43316
143436
119014
60407
17614
7379
131187
14651
33240
41684
95838
50976
130201
142717
136233
87423
12763
109494
158823
151014
148263
60763
134410
85172
125190
138902
67616
150855
53706
21787
22842
146514
117900
59703
98859
149967
125806
143796
1896
63761
139876
58612
15713
89098
56135
19938
96821
18691
14947
16412
157583
96991
105456
33779
140106
144862
37971
87771
32732
7750
61568
47624
43550
86216
120845
19196
47088
59597
137039
38614
132883
132106
25057
47002
10555
113094
63460
13759
27105
38650
65968
46009
18929
87622
108529
125246
13114
106772
108010
103957
98345
127924
90758
144620
136592
96649
66843
107478
3217
81196
104385
160159
154573
139442
67538
4075
110280
120339
62422
15957
5920
124946
23540
44830
90687
147794
111468
138550
81169
23849
46733
27472
161144
70694
34220
62255
138873
7218
126142
84624
15453
58074
143856
106229
51821
90048
61700
120059
103708
107747
12474
5080
20037
41952
149018
42973
83925
28897
141347
145394
44684
65916
154363
159588
80512
122596
71304
47622
149796
101374
119060
84907
153358
48403
43612
89843
134162
47591
16752
1752
39957
2895
17307
5428
92593
15442
157410
27614
48915
38331
61118
21409
5797
115755
126888
146835
18746
59110
38830
17044
17471
95895
27569
128083
106716
56466
151903
12328
135918
12859
9451
93814
152455
110176
2400
105105
35508
7754
49741
22871
125335
76916
71894
145084
51055
58805
26680
28544
115463
52440
132376
74375
11219
144587
83885
34856
139451
78674
59448
99479
22553
139882
31093
135134
20895
56450
114218
97205
27593
47853
8272
81459
139912
58839
112293
29156
74621
11473
135888
26803
147502
94951
41766
34987
62816
149437
32422
120399
130685
139299
16695
23447
61591
147336
70198
89093
30469
72463
156013
96513
140961
107708
99656
118699
151464
81044
145006
72652
151094
120415
25621
47871
4902
24940
127930
69171
59286
116226
122713
143496
101195
125492
53763
55842
59461
149218
99683
59970
62692
60563
101954
73674
35735
126726
159749
89562
136754
40380
21902
65697
52805
61914
6944
32935
143054
130214
88428
117256
134962
71819
88917
83350
153844
22906
116046
8188
37913
22948
42557
151468
106124
111800
28243
86138
156695
37498
91799
89772
12324
97050
128117
73660
57137
99162
44197
161539
20207
120476
17038
144726
140522
148712
5288
154481
75162
7030
137984
119127
78296
152198
51912
74992
102038
143163
108276
88557
27788
148774
157562
33716
64715
33695
60957
93487
44437
121291
133069
109664
116455
75008
12212
157024
125902
73891
94933
107909
100541
142570
59094
121568
20577
126664
156985
159617
11152
142172
15591
30269
3270
108528
90258
69658
48670
131668
475
130901
138107
80443
79137
148439
45578
75269
2677
119028
64554
74541
95062
128256
157086
88408
43375
147154
111881
106176
9181
161483
135257
116744
125627
13658
135405
19375
110281
139875
37712
141876
145915
27255
115993
60096
2271
15878
120087
127412
16112
116065
36108
94397
5028
125810
124156
64647
14033
60810
64822
38077
34844
67356
40143
150352
1057
159063
128889
6243
45271
27856
104333
67151
149425
7619
35483
5259
128432
65701
137470
145176
86300
153350
107367
14231
102502
46364
91797
99015
12383
118242
130127
255
7608
43897
155876
70522
118724
49005
114794
139089
152794
82405
129767
45226
83528
44056
159765
105616
41965
23295
44486
133519
27257
138809
130669
73819
92153
152923
52855
67668
150155
53756
43436
146377
17185
10165
70160
17885
98391
142380
148574
14913
63809
91431
3338
73606
63052
97438
21394
33953
61295
119728
101041
148388
20518
35762
140472
120331
63430
92141
93804
141779
74248
110358
120926
4562
20675
156190
151809
74130
15681
103992
77694
40686
126797
119058
61020
103630
34957
62771
79258
20148
151600
16447
23738
7261
80947
111068
1834
66067
87866
70099
57487
18025
118197
36203
77991
954
126755
129759
90516
81286
99979
138901
3111
107920
154450
75228
75335
93319
157513
95716
101379
111305
84895
96346
14924
59609
72351
47736
100459
50025
23815
90953
81917
48508
118930
16090
128400
8677
51316
120302
63065
121660
65147
70888
86291
64679
8026
38648
141796
83301
128768
157259
128326
136556
110600
80666
17269
32540
58589
37613
37874
135282
42931
135663
143402
79716
105095
86153
157281
5436
27205
50333
141873
68640
126416
141213
70474
75822
120636
140766
94947
30119
104472
105850
78352
53761
112589
64282
66880
118185
86247
35992
64381
74921
31155
116860
33968
40745
152544
70476
18066
52067
152133
160172
154611
30924
103440
108296
55288
41994
42364
150804
26724
91282
75536
93309
26359
57698
117694
135864
33710
94106
68585
155677
74483
94987
97545
21699
120183
145627
108314
16928
90891
2867
4454
41300
155390
105038
79651
43846
40588
104283
116491
131205
158401
23027
87832
155601
74969
70780
72308
158727
37333
142166
115164
102226
82028
80032
15191
87094
153185
151971
139221
13694
142020
79590
13972
141768
49749
79011
121403
29154
53288
2544
23730
130920
100432
106442
19857
112476
87614
156909
41800
10966
26610
159022
147858
112146
61250
148851
18971
25029
150028
44239
13149
132654
42854
95505
96514
24437
46094
97021
15157
5476
27382
115019
158169
77094
122911
111884
36145
140868
112791
112048
45522
124023
71825
57329
33624
8674
123573
108077
112071
79898
9744
47043
47044
65902
1371
8088
142511
80044
105679
126907
14407
84567
140625
77288
83506
122583
149092
57369
1283
24814
56458
129480
65851
43994
20382
128689
5547
36501
37625
155093
147664
133239
34703
18015
139608
109256
111101
77317
53463
94848
100233
67518
106344
143876
13431
8448
39285
69974
159975
33177
145360
156205
160389
85942
65135
29012
41809
63056
97601
21873
158775
71122
154602
26971
21206
33208
88295
80594
89641
137272
110785
147507
18011
62379
113580
141397
158397
82455
62031
102267
33228
6199
55241
132910
35170
63043
99157
67696
10583
7894
121246
102657
119339
11194
86988
122855
30296
136642
37288
122570
38251
68000
67050
153604
76201
130182
88407
84060
79963
56320
64339
114464
59844
52209
9395
43431
15510
43889
112670
46776
132350
7809
36061
146326
58862
113560
110557
26574
49216
95605
8366
8728
61640
138382
111316
40184
148462
111113
142737
25280
129002
137655
73681
53678
108489
108783
40982
108973
46104
153586
130804
7613
92053
112945
86176
50320
155436
48105
41887
131763
94506
153089
24948
117996
119316
61058
110309
150088
10147
57659
158354
139969
59339
105529
9065
8827
57989
89606
157230
139787
159282
149636
100787
76452
88229
149688
153964
96576
106953
89180
145768
78729
154817
58260
92719
50681
6070
29779
155351
140137
70574
143676
43624
120911
120913
140707
46350
125223
155788
36215
147447
23646
106405
150778
46701
39351
54259
12861
7863
36315
64691
69526
69524
112334
85352
33329
88403
127652
41575
3352
141923
104917
42750
115798
76175
98716
67598
74362
19101
56349
28130
126867
127834
11959
73115
121759
129157
92115
129953
157510
134909
28607
113538
52580
58593
34296
130858
89666
96588
25964
134766
51750
110566
67885
66177
42451
79620
133259
110147
132124
21948
139209
106500
159175
76697
88992
84717
117496
153803
28034
103375
124086
93293
45395
61164
41445
46294
130583
150122
129330
49659
149494
106268
42044
81595
42595
80487
128674
59983
80676
153127
92589
30957
12975
159491
97093
158059
58591
157979
18190
13133
100179
149099
51202
142545
152034
107339
96039
11982
146765
52439
160471
86520
121573
10161
133713
140029
120525
75525
97004
111237
61004
102887
102210
71855
71707
47161
141508
90328
144782
5454
86998
32505
3464
93147
139598
56031
131868
26238
21203
99829
71689
143769
78627
31613
86999
63278
115468
102383
136153
143274
79304
88110
42827
74313
107975
18829
73444
159677
129060
71278
14378
154367
116931
57483
38311
86513
75537
115623
52748
1380
148667
136906
99544
79541
13796
112055
28810
3146
2683
100355
154898
118376
157156
106415
146626
63345
137567
124463
15162
108182
38702
42906
118729
74725
125764
80634
50577
14592
93574
108778
160264
118557
156895
125108
44302
88402
138273
134376
41252
15578
103428
8774
1893
1058
158686
84603
45201
133816
45491
72350
60963
143117
116179
11273
26105
90722
75099
105231
11378
43476
156948
128022
116089
36090
108705
81855
9859
91067
109753
109316
68659
196
71743
18052
51993
120614
140315
31787
86672
37499
142346
73605
160651
160207
84864
100410
36687
67192
90630
36866
104919
10954
11770
88794
100973
73168
72699
45102
50825
105665
109547
11861
47416
716
101378
41769
114140
130588
160806
56937
120794
55895
99866
93472
93626
89270
127201
149277
7148
91703
80713
151505
12826
75362
2214
78745
118657
59697
39283
154421
117083
55973
27897
64296
5943
140584
72146
149975
17428
88086
24462
92950
121451
45156
9692
57345
119257
60928
111489
44433
60042
3198
4229
10451
31555
157695
123745
91031
138831
64372
36467
141274
23885
42157
140664
98006
56160
141589
104991
122845
106433
91796
143068
89036
425
159292
136758
74968
34345
3050
119396
115543
132470
156603
79335
13048
150567
11660
144711
25352
3361
124208
49341
91257
106924
44358
80710
4510
32535
58968
93769
155260
106033
45023
9431
69213
90675
23174
53417
28007
51658
15230
117478
135451
19012
37421
66582
101312
7699
149640
5565
27803
663
92676
155011
19074
145339
36550
11855
12076
71578
92572
70380
154683
87761
81120
22033
94745
25769
118069
46783
150063
109945
127448
33932
61340
83135
92306
127647
150681
15853
128286
4465
41481
432
12199
1538
101133
125333
92527
23158
126519
59091
6113
122149
142641
99744
110912
158607
143962
151499
74337
154341
38816
9452
146076
91792
41329
76618
110406
52554
71212
18582
81565
118218
58652
37814
142755
139139
118403
69718
19708
94458
61330
152190
51298
152221
159029
31971
137778
104675
75587
3003
68705
876
73321
134193
76241
98377
138643
60435
86792
43086
34295
156702
142814
141
1594
9268
13887
127606
149771
32045
58222
140831
85181
58477
13461
119275
96800
11362
66138
103885
88361
146218
119385
44083
158168
144
87313
93006
11830
71303
87554
40504
69272
16264
152564
47635
106023
113306
112169
98202
47571
159846
157624
79277
71942
72378
8425
45593
115077
96311
14593
146915
20217
40135
139729
6805
118326
60685
42842
132356
29254
42440
112639
130359
37965
67542
148230
150917
46201
28103
70066
153873
118776
57732
30503
55620
159129
72315
17031
51187
149624
35391
140096
80082
26702
75430
96828
60909
1888
111894
116486
54605
94899
113141
50032
50303
8858
76807
99277
142566
129726
122250
109543
115587
132524
108172
123670
23705
67092
52854
103991
100892
34065
42967
38679
57332
33627
152232
69674
153317
90056
97891
127174
113937
49248
14099
9801
128200
45778
52611
59036
67264
42647
63737
76090
151201
105275
86146
75223
96365
105562
155902
152269
53922
130318
57046
102880
81842
100117
105344
73987
19446
22195
67996
148935
158197
102665
22821
108930
15559
25757
48068
124498
110040
60527
101254
42585
42587
142001
6411
30984
32829
136238
133514
25364
129077
52157
35344
66351
53095
75869
34716
66181
122801
120622
138441
29478
133348
141866
26248
66080
40872
67809
150485
155175
152835
44192
14186
100312
36264
157606
140167
121975
148272
160285
116863
48072
124276
68658
132367
145174
84161
99556
118375
59005
7025
150239
95013
20568
20594
109607
29240
53205
133188
34678
127990
75838
153814
22892
159949
153690
50767
80835
63463
43755
43479
46461
65952
24183
127886
13728
36615
149410
120309
161467
149876
50466
45625
65275
90137
143149
11722
120515
59101
125430
152739
66068
9622
126934
135380
114270
111676
44757
6274
15730
58680
28585
120825
80103
114223
85871
47453
148672
88183
52418
53822
129720
101479
152417
119136
6305
52450
15447
80817
46532
49274
12055
93535
112722
46860
145836
18711
15132
156170
93562
30976
134994
37452
5346
4910
138598
108752
110883
83447
157595
28558
126344
38881
148274
29881
61593
115057
87122
39098
151918
149267
66004
14
102648
44769
13115
150901
49162
48815
52013
57146
13857
82451
2684
108392
3476
122921
68907
152153
150842
67703
150059
81607
125922
82547
24658
46402
39681
10175
54650
156786
6594
143397
17722
63417
18516
13045
103171
144649
84181
116296
54208
52776
34626
53151
19680
23618
100401
44548
47388
159
88976
110981
44702
96998
30098
95451
39686
153945
97988
26034
96966
143103
23224
95581
94476
115166
80730
158995
149870
9551
25139
49011
159578
36134
67912
5770
72022
65001
102644
61682
99637
118642
136616
4761
63057
77494
8160
119353
67665
161360
92513
5632
80799
4546
3485
97952
42211
143007
150180
102197
49517
144482
137974
149760
49724
95566
100518
116752
93132
95707
29027
33282
121845
138836
28555
93277
126183
32106
136518
82302
45437
159669
23279
61281
97706
144115
140062
41997
143767
22138
49328
54738
125025
58783
16375
156483
60682
114758
41826
39172
120628
32595
37914
67458
83789
115359
52284
30039
28455
52295
115363
6883
32721
29384
53688
100718
69647
153240
64781
2971
81174
151023
13845
43987
155466
54553
75480
96944
54630
80986
69600
119757
133278
110568
156649
57869
110275
71671
57673
93191
72765
82370
83317
112195
114263
130801
16867
96555
32443
48396
102251
135409
116893
55572
61695
60370
41543
69423
40038
43836
1663
149879
79463
147441
81013
112937
47285
126403
132435
51570
115572
110119
47615
79480
6105
29954
20205
26976
55716
13304
51025
4783
4982
13357
15576
98035
15574
19008
24397
112711
128998
151855
157277
47352
47353
47358
128591
6884
32722
46072
46841
46842
107701
107702
6895
99564
74027
135782
60386
126903
91310
78379
102281
57518
36237
64769
29564
86077
155686
71067
31505
135792
149775
9178
71404
58305
105863
76525
143312
135144
98224
139771
65305
51753
89158
42357
139641
57446
119256
12399
114051
64129
95719
137748
3999
140758
79589
13970
153208
81103
96431
88899
104256
68064
74443
1632
94931
94967
20571
124880
73859
109244
157372
138668
3023
49369
12959
155143
11863
107602
26796
49609
139628
145480
156633
40332
113878
152037
125636
79558
13870
156295
38893
143933
108659
98491
53123
19413
37367
82123
1620
59946
148140
1126
100976
73196
51008
41825
109898
114128
32159
127728
101713
96845
48888
70403
63854
36589
54241
12501
66494
109178
111765
17826
36313
114015
51948
109901
136614
152572
18497
77956
4401
155396
126876
130714
3337
53521
57117
72881
136922
15138
156184
67511
7268
119667
118978
144865
121378
13646
101743
111880
934
2963
63443
27694
1389
13727
117957
36599
101577
92470
100904