113363
132291
18461
64213
57845
62804
18210
2675
66853
68948
147286
20558
33130
63166
139377
96682
75109
57358
68012
73054
18253
135785
112662
46738
21372
122277
93316
55737
19116
112320
60114
140687
64504
36660
106273
52737
43609
131914
44607
44983
129885
87322
113927
136514
52413
51860
133657
3967
129674
48834
128669
157994
145883
96570
136866
48927
151312
146537
10820
146602
154065
88943
65600
107567
24063
127788
35087
64400
18256
147281
90149
149668
126862
97216
16392
91900
111496
137206
52977
66704
145226
99325
121828
90706
151626
92481
102598
62064
76508
52962
24557
81212
127583
150320
69511
91542
129510
110600
35357
66
83716
14377
71464
140421
130103
160516
67425
94655
145491
13086
126413
62178
157748
36124
48924
48094
83155
85110
946
17774
28299
105570
33373
102161
82245
11042
25462
147411
132674
85886
139874
71928
100153
72347
142012
67920
91006
63557
107882
158439
140030
134599
116144
157613
45470
91451
150741
68500
64017
95558
37729
93148
43915
3224
66343
88242
68401
45170
116258
139815
30280
14293
27305
137728
106147
9533
92821
93237
126948
17994
56604
68676
54488
140329
2364
160370
62832
138314
128844
45938
131970
102610
138291
36390
56702
156937
117572
24045
98909
83413
147346
117115
188
118901
19663
16391
110340
10350
62433
54415
47094
127123
127284
137386
4579
43467
78974
53466
50919
53549
64026
148073
33842
29738
120779
84884
99322
68613
87585
134395
82510
113425
50286
30648
28871
50309
159028
74020
148699
18204
107834
63910
137083
118114
141783
138249
110136
12338
128495
6002
113663
54838
65076
120050
116556
9061
126215
145266
52451
48408
147861
52895
8940
147998
187
67932
64133
111082
111410
7233
40352
136488
48501
58110
80035
93617
9130
113787
61495
32048
138697
142086
160366
40523
73007
130090
49628
91766
117135
97367
58927
131474
51977
73867
104136
118621
89259
113568
108509
96963
19878
109061
73045
154490
53019
135798
71895
65797
71262
111897
141422
67791
40560
113636
130086
136705
147918
50925
158474
43986
99072
53671
108257
67157
31799
52138
133210
6026
68079
111944
60686
5373
125056
104782
77996
138642
42045
140291
18546
5915
142193
68030
49291
145642
154585
15925
132970
53395
155289
96442
66886
145656
88784
157900
76747
33129
105935
64153
139604
53524
97481
10130
95920
55540
117719
56048
54913
115745
153336
67391
21238
54790
90329
20698
86069
51888
133436
12091
64543
58742
128787
98810
152102
12426
98779
75325
27772
143278
124903
149998
142187
44352
48583
96049
50242
117047
61593
23790
36952
141648
131077
74926
33991
16401
620
75019
105627
160774
51170
49285
24232
127969
64283
85054
37330
16441
54138
54809
159456
152218
51035
61695
81902
120065
77859
81380
146048
130676
27558
70829
140994
75023
348
67818
136628
56780
41649
66342
68784
89792
44942
102422
146660
82024
87267
127845
71783
61191
86894
11777
45889
75526
44401
84115
153067
61257
101768
71771
44390
57839
49221
139554
103732
115544
52674
14742
158200
127731
151225
46648
42854
116968
61798
158830
54057
114717
127064
146209
72422
22570
69164
72052
33
96107
152538
160783
11750
52123
29829
29677
124070
73980
69325
15475
60795
35500
29619
14025
94769
115011
35081
69731
72758
15484
143778
150370
4398
23892
66661
66230
89579
78226
108479
96643
52601
51415
15815
56256
122610
5816
146974
105687
138953
79365
25007
111451
78015
79056
73732
89482
72870
89591
108333
148402
16009
146334
103517
30999
150438
41801
95794
157165
16193
31672
42141
78956
18391
63585
86052
56124
105708
131971
156885
102630
68049
112011
150812
131645
1911
10764
110461
112173
136453
47302
49009
72383
132663
126891
149832
9310
45552
139224
51738
52483
108649
58526
64360
138939
44435
82982
53583
49062
125386
25155
36140
45604
9263
154061
140407
72932
32569
88163
53742
51094
66229
52510
120940
47446
54244
106026
49748
93743
158038
115196
2871
143894
133760
155195
72138
131525
67512
143091
82044
144388
129738
78664
60001
19275
139100
20915
129376
15524
21247
23026
96511
149533
142567
94207
149999
142979
53407
52341
49293
47395
141132
49850
47234
109711
116767
74773
112795
114477
88342
136357
115112
44546
115258
98260
45126
38190
102919
143853
9676
126102
123744
9194
99839
96500
69715
74391
51337
90605
57561
42900
42733
144035
55279
103782
121368
29375
43759
101655
45773
13290
27730
45894
115192
82882
58303
109987
47842
150490
83317
140106
53677
133588
156744
86070
76610
149066
139693
104616
122062
40696
16215
92468
128091
64119
152721
44691
111893
68488
62335
67110
156373
14257
133532
122803
103960
138584
115272
41115
64882
60403
1951
68939
10876
58038
94823
17384
61426
106437
3125
4023
38085
71547
9554
53945
68148
30759
16484
57583
45046
89650
103148
48830
31171
33491
145961
69296
48033
64776
145453
96015
118131
65308
18968
35560
49989
125519
39736
158790
114402
152464
51833
114673
96774
157384
71601
126224
84630
42621
44190
159750
23047
2562
86420
49024
158939
47012
79622
103888
114496
48807
64169
141568
102677
143741
19121
66663
5573
30053
143110
138765
48177
53769
83927
155296
7976
140854
121164
144643
119397
98307
32019
133411
121128
84425
28367
77314
97166
115613
110197
60168
109127
16356
125563
32763
22864
48779
145646
9166
64576
82713
20361
159963
24259
59868
52358
141967
71719
148061
33408
61412
43551
128073
59419
86873
143330
58947
70669
156583
63717
72893
140791
28814
61844
49996
89290
143062
136115
158212
49257
10028
27917
79629
152585
88385
101522
60575
10813
59861
63501
137077
122859
52431
59734
63243
60145
150644
49055
11102
151550
41809
55358
71288
97838
56349
9255
127931
65406
33297
93246
101241
39925
23691
41846
10508
106986
45337
1175
22943
50010
48897
75330
120819
108666
142878
48842
111985
89110
139508
91477
8649
80924
36641
65375
60515
132689
52439
52809
43772
108683
16199
1517
114592
67901
67596
44339
106707
133476
133226
143556
141169
19838
111047
92731
140140
85635
119704
10588
36171
77050
66023
71784
118798
44334
87017
158239
107168
127977
89365
153870
84636
110325
82478
108534
49258
12911
60562
21098
34024
55712
143809
90587
115194
68721
9473
74213
140012
97428
81236
70122
128861
11259
52932
76135
61377
61444
132315
18793
67359
41375
143535
109018
53446
45557
133939
106276
126465