46009
128531
153247
82875
33180
59342
107418
140872
26247
127602
3699
146655
131063
154622
37369
151099
116084
22613
157972
67897
110491
87984
67708
140149
127926
150036
19427
132058
49513
51409
51611
76011
54705
62015
132393
134824
48221
160062
101415
88960
52305
102289
143316
63101
46653
107756
131821
155112
44559
48600
89677
104987
61691
130680
73386
73869
74830
71664
131401
90622
149321
138205
131853
6178
141583
37690
73680
10005
142038
58450
94844
87373
41213
144658
129022
70333
1049
130954
63236
87010
68969
137839
69160
131920
144074
64563
149416
52853
139225
56573
104407
66356
141696
89716
129528
72666
22498
51398
96659
49386
60439
75771
1944
79099
45539
80986
64849
127504
50724
57153
10380
80452
108858
125805
51596
7385
88931
135007
472
51796
137671
44222
149555
87901
101464
126403
45463
29909
145023
105447
44501
114194
158838
85637
120396
73883
124895
138402
49750
61976
137948
79942
35802
21
22745
110521
99830
104715
130607
20036
72687
62070
10933
83625
137820
42822
116599
85584
50139
143073
75320
104040
75427
15957
141110
87825
61138
137988
45074
136202
79878
57919
45181
8626
51388
124496
147363
158376
1966
22847
66346
4502
73032
121833
145237
147704
71474
64729
123713
155635
57173
158180
129672
128126
127123
18329
11648
144659
116349
8556
48997
8354
31029
5172
20742
126519
63562
28
49030
64889
95188
77851
66093
134504
161272
111389
84727
61935
130960
89820
69764
115363
142819
34986
130817
27509
10923
27684
154797
83645
41897
8725
130990
91847
96322
89892
18283
130834
82376
83592
10960
75316
73642
145948
60514
19295
117914
99087
96805
66199
45702
5938
160053
43024
141107
50970
15072
145470
138964
87058
73736
120384
97081
11913
35735
133721
125497
154278
40141
139767
69789
69240
131907
95665
136105
3433
144388
48630
132474
140604
76589
127901
65541
65885
85515
69127
20104
60548
48563
140886
101702
16268
108018
153968
149290
51030
48116
66627
110287
40277
24731
125462
9065
144593
49332
130059
60263
130743
111394
64360
114067
54993
138629
98014
126810
50144
86052
40515
103327
158649
38190
53648
61119
3570
21290
45553
33800
132777
158829
49320
61868
136550
43941
71647
159365
8674
69226
2292
150310
71976
86804
56532
58295
67505
73697
154346
144048
70979
137804
91491
91533
114230
98894
66457
108078
57520
97426
135499
155246
44462
142319
93891
104433
29068
145765
129226
140523
155442
62444
30858
155019
73830
29406
66143
77114
99632
127774
157988
155642
91021
144124
95180
52784
129143
120223
118359
142525
129141
50204
62176
58805
22063
65879
76248
109598
143834
100610
55883
12170
3031
71815
135952
153972
61782
142125
44147
88778
30963
126849
138668
154056
99046
59348
147830
19047
144175
81735
143591
81782
48528
109354
57803
154065