52728
132720
133922
35149
154903
78361
120279
117759
53622
36697
86616
49440
127908
153651
44298
159305
37154
117997
70053
71424
147180
68820
121856
53428
131664
115447
128335
64818
147143
134507
48196
17241
17290
140456
49856
115328
129063
36113
136768
71534
107116
31587
49202
147459
45306
56511
154248
16040
79621
146237
143518
71769
137729
91546
53175
87820
143388
17097
144470
29025
14425
94776
71338
63377
113351
145993
158586
138106
91578
103041
63668
128308
29212
52821
144331
137940
8317
25700
118548
9832
123035
10843
95005
3200
18281
61845
52168
62051
70841
5159
97940
103087
9501
1481
55324
105034
21545
14116
72126
82032
54184
132072
142674
14448
50088
154501
96776
4399
129553
120816
140376
66143
129269
59940
9742
42682
23954
28385
156902
36238
126223
60013
38775
132508
11396
97651
75032
75899
90547
109128
54274
21836
31738
141938
68800
83133
102327
130256
137418
161189
72879
53601
146008
52697
135437
132755
146498
9829
129909
57714
141185
107228
123175
138008
132433
94612
24383
39468
18156
147037
34381
75920
48214
11617
51500
9952
107991
57436
133475
131514
113734
147383
137504
138863
91847
26119
49123
127498
119584
133376
56901
142585
71892
89464
56456
131812
42198
46321
120049
54641
18284
139436
9875
98745
126595
124187
116274
154614
42735
115693
161240
71023
40828
8262
115948
48552
88769
52791
132399
1660
71710
32158
60608
89655
17313
9861
117774
68746
63267
111826
51715
140586
67880
16208
132586
137758
95395
18510
127100
33438
10150
134264
109811
132069
7722
125906
120999
62388
72351
26901
141819
71754
17314
114704
123510
127912
45548
42915
134259
129167
44369
26667
147557
68099
102427
94984
139587
143593
108624
60895
15508
1272
5840
129312
46226
60024
74480
65811
131931
33684
147398
153242
60000
57156
70398
69418
19919
45635
127478
145138
55260
45487
68365
71277
158635
11867
24416
33200
10781
91208
22203
101790
86448
34589
55910
126279
28038
11066
53804
142000
105550
109974
45864
104937
45820
61688
132651
148230
50927
69829
153136
92893
64095
5654
136314
19563
54686
72948
1283
102256
149653
140841
38581
59124
12227
143560
12340
110092
143783
50025
154131
151007
101856
78703
137621
34909
68880
13200
144544
54086
118661
68583
115793
114496
135109
143778
133276
138540
120111
54972
41075
96296
147328
12426
61708
106816
160625
153632
31872
144312
70923
61027
77065
144603
90579
51954
160219
139894
101769
72332
10002
120089
126448
21319
1893
54851
28939
101919
54208
66882
32211
110980
40752
46526
152829
84932
156324
113235
90203
60452