43675
92909
86238
64342
71748
55064
44675
13362
54192
111279
112341
119475
98751
75267
39732
19591
35682
63898
26333
54405
23624
44936
65042
80926
112329
108884
86535
35868
64152
104725
127288
94252
103727
22172
38127
143118
157921
9782
129030
79528
49291
101063
156931
41947
61262
15745
80385
40726
104170
96574
145106
36041
24669
46427
89657
96506
131961
106750
134906
69170
50175
91536
14078
132828
25116
128775
24213
25738
109620
111451
41364
149746
9013
74275
84320
30106
36299
32408
24126
110155
119777
152016
31936
128982
78977
11832
80712
1759
145591
95007
1499
55142
116174
76264
5306
101010
61379
110684
42684
158817
14798
2005
100456
14780
57775
108406
76683
99099
34174
110777
101685
46325
97506
63777
85768
113091
143129
91509
64917
4734
17135
69147
102659
78853
108954
24250
134996
136937
157597
88585
71549
3392
150520
7169
116613
146155
158933
129238
106096
157715
134347
26397
83370
114376
153876
38069
67734
42355
57851
132369
18097
46806
98364
147849
28821
65491
71047
156079
122132
99526
36617
158824
69935
40211
107912
11785
112148
139185
108085
104906
96168
13696
54059
158038
104055
23703
88642
89912
56641
116741
24342
128015
43352
12859
98143
38051
67701
18313
42675
128182
11347
97521
110315
53220
19835
99912
19603
89756
61126
5488
27446
126933
156488
133165
96886
102152
157705
118226
129839
1666
52854
57998
17189
28580
108504
21473
35493
68778
34081
90408
29167
132930
137445
100880
26997
49950
40905
7158
105890
16611
160022
7274
43730
37312
85488
148676
98336
145976
108667
48331
43073
121741
125768
79112
12339
65745
114721
156182
124785
54883
90407
150091
146365
24158
24280
52265
7401
18074
130688
110100
58148
36475
65146
145476
5684
21729
121015
113048
141788
32835
108483
159756
82095
23187
111471
94636
96913
124762
7766
110248
82713
48362
73864
89683
60665
42798
83118
102444
58506
139770
75017
21145
20057
109003
158843
149353
5630
10299
56837
94854
32120
123189
59515
145802
96915
127343
79070
103513
94193
38973
74523
68662
151733
150412
17769
57299
33459
60534
47356
131743
16697
139383
53670
33336
101598
89086
130884
36456
20981
57472
74871
74087
131906
34198
23067
22371
125591
79168
35458
13020
150472
71227
34376
155600
140064
115132
51876
53662
23496
46069
6718
38534
88554
111004
8963
125239
132714
83047
48584
145729
76156
5038
110385
43604
42753
125589
139678
50037
39615
18860
92821
126631
125301
116703
33932
48754
111346
78339
148774
78397
157592
110964
123732
156737
133371
134939
118708
26606
73802
93651
88328
131759
83145
93190
87640
102139
33294
80635
107125
150403
71910
55400
97409
110070
97619
94250
88383
25617
47862
68345
137029
6899
43179
153598
107814
40697
7058
36676
64433
149884
37836
21475
110233
75942
47055
5686
37139
1503
52725
58933
38462
139604
147225
95521
36000
140747
90406
145095
148677
49304
129254
8052
126783
154475
108234
144350
43687
137386
98200
113055
8994
90061
66736
29512
111005
47514
157708
3724
64088
125373
7489
126868
93721
90120
34077
73234
125794
151942
18680
50128
107825
154636
117576
33130
37134
25055
47000
80384
3866
82133
146393
62249
111358
155690
120651
97313
109817
117257
92211
108100
40704
2089
28234
51989
1607
43259
142278
152476
33232
28657
52590
70089
19026
24091
13372
19747
8676
5532
117473
132307
100765
56625
81982
132525
101678
65405
150330
67488
49099
43525
145064
155390
131821
96832
81752
89156
134810
141364
108999
24628
72657
98030
1716
121582
71445
99890
143547
89112
89031
138963
69955
35808
157396
97447
139001
144638
9981
117885
37571
28778
40929
143556
151853
107690
4046
143932
21163
91287
20479
115229
59286
123297
69801
39901
56013
108098
53872
144260
113064
74550
687
111216
77295
52151
55644
137686
90378
108200
32686
122867
158723
108306
16872
93502
71261
133665
115980
133134
29816
133709
17910
5974
116130
53830
42527
157293
144200
82514
18587
19365
81658
110181
34519
9429
57765
22952
42579
16237
159183
76738
51928
59640
50062
39727
118284
27319
81642
77529
157572
102649
130490
65749
112199
149451
35935
142386
12264
59188
79340
13130
79442
128459
97932
56428
133143
43479
42375
6920
118573
85872
53848
20553
28976
91649
96740
117981
108562
4895
74407
128501
41516
74186
61297
41432
80717
17493
78389
154966
10471
57699
138954
31487
161104
18593
88878
100149
127256
26068
18169
107769
81152
39940
44285
31048
56462
31144
72661
41802
52459
74938
161246
78832
43872
38368
5533
59894
73853
57397
7507
49292
61430
36550
87450
27150
63666
120051
139400
22466
110024
119002
138014
91713
30566
4089
43077
84746
126053
101803
150096
120736
82125
98289
140534
119963
145568
40214
71781
21406
34273
63439
126039
83563
7405
142127
89138
102623
61094
133336
22744
57714
79498
26224
48740
18625
85469
86260
96728
102411
64826
92806
40416
28938
33390
114848
72162
16815
23032
4931
123264
115984
53480
92816
155485
86899
125863
22706
41079
17123
85432
160884
89248
106979
57224
118934
50157
157614
1620
110851
53525
73837
93738
40365
107263
90795
159702
5789
96997
144825
17865
94243
88804
108218
157678
46435
97667
143082
147927
53348
120968
17860
25294
42972
28902
156835
77476
121297
114255
49967
97912
142295
41373
23547
81043
15017
86426
155337
34541
45206
134457
19351
42110
20104
66493
121401
65387
151943
86505
156710
115637
19064
92137
151434
83720
132088
40374
3060
121221
141145
64739
60898
99248
133796
43435
140821
73102
143487
94688
95609
147064
160824
889
114303
19161
19652
15966
96271
3797
14385
20815
84496
116993
134583
11414
49855
103355
158613
78687
159558
156176
46036
16540
77816
9108
68336
12783
3326
132313
100914
53737
156356
123259
144297
128253
112802
17454
23715
45100
10256
143164
49794
85112
32584
67011
91877
156996
55638
49746
41704
105994
106833
151898
133660
4663
111817
119054
5678
131403
148130
18370
103533
152764
93594
89188
83655
93539
47106
52929
27893
84880
69307
140900
4316
70624
82407
125302
128224
152930
56754
15166
1651
28027
131850
127293
81292
130216
15189
160348
62083
54959
112723
42640
123011
35593
81947
95796
56493
116220
54043
41858
44126
94201
21270
73912
31238
51693
141048
98640
27946
131760
38277
139656
17523
160794
88820
43760
17847
61243
91929
22239
131083
109418
7231
70132
155204
15990
158366
9533
82398
10544
70798
71921
89285
56703
77290
80075
97784
73729
32373
122404
49320
156658
108233
16
120315
34708
17389
31634
81978
73074
121228
18261
117581
57174
63362
57490
90581
5919
86524
121589
155398
34764
43360
123215
144236
157573
53646
35188
101604
59321
123602
12952
150227
42733
140291
80942
120837
51032
132449
153600
32788
40159
53556
61402
127697
16114
594
145945
89628
59277
123469
3016
116669
55055
80462
296
160636
11058
103365
118066
35879
9212
102068
58680
12233
75051
50278
132965
26341
130089
76914
6741
29289
53520
56190
99021
28742
34206
137992
123852
15788
88881
139491
88335
59550
47107
104920
109546
158896
32470
109489
28227
10980
5634
129804
89411
135772
137972
68546
103815
28288
52061
133938
103695
19501
123982
65443
48986
114708
11605
69864
83331
81276
78593
102632
94600
138087
81798
46692
24368
46034
54162
87824
40508
42531
80015
95272
38758
130119
57353
33692
60952
131581
94538
93967
9023
96834
18776
42255
40189
102037
74841
38948
82010
85947
25546
47761
66497
160603
7289
21328
53747
102142
95656
152826
101786
53548
136242
90076
66903
155346
150633
11878
119875
139695
2672
147131
44018
104658
133566
119385
138156
140026
36402
152085
151749
158014
124394
146335
57355
160286
143986
105424
35740
12077
15119
127539
145131
140358
63374
59958
74148
161243
159368
102268
25542
95365
2350
2952
61937
81960
14414
30882
22642
158837
146409
91400
78899
11667
95844
91491
150895
90484
72237
158703
118186
68689
127625
20750
152015
109881
30042
115332
124125
28080
151771
96566
16780
107820
80122
110748
38354
143336
9184
42811
149098
99372
71903
108239
158706
33588
60783
43111
18153
93743
94297
58244
32357
107584
101620
44155
94342
83487
53841
133342
122634
68160
1622
133788
50138
159892
62534
120588
43566
65349
90422
66453
87492
89538
66241
22931
117692
140574
89777
61628
128657
141947
11639
111158
41426
126985
109218
72046
98531
120421
116362
111573
131372
22544
20951
117579
10646
58400
104053
78105
14251
101828
13859
42555
137660
5747
18339
36515
110083
7952
134786
88420
96791
63910
16893
32569
146815
26498
107380
96204
97564
95852
68002
135353
117094
68123
2884
12708
99704
118919
139548
14157
28122
51829
56911
117978
103074
90135
150579
43316
7681
30464
88147
43014
78222
18243
107739
157771
34124
138764
5162
10908
60677
91173
124230
56587
116563
140447
49834
796
3418
103508
9648
100324
106186
157995
52510
33665
102025
78541
132813
161066
35177
132470
133726
130107
142994
126971
149997
101834
66616
74150
73740
92843
86002
127387
113004
24241
104338
80105
16241
55736
54992
100273
127188
97545
87946
6201
157357
39371
70117
61925
5554
28373
59629
40654
120609
125356
99773
24866
128523
33749
79399
96893
108516
157382
15597
157425
100922
40471
124636
48607
3184
141217
147365
63384
157581
127749
33596
8766
87004
122884
68835
74067
148666
132237
119396
144331
94237
138552
16771
5076
113252
128582
124995
15654
88875
78688
72170
15621
134709
22734
34564
8778
72968
141483
135133
120963
40901
47999
101806
130305
156902
19088
6250
105570
121575
119414
51287
45407
36306
82332
102762
160097
55175
28061
51745
112142
128468
28356
132165
83086
46519
12431
158183
59161
90766
4458
22767
62708
16983
137630
73342
43788
52280
29674
35205
27633
126724
78080
133308
62494
7684
33156
3041
118922
50016
36026
26998
113531
82875
2003
87677
127540
21027
89030
54994
50203
99843
33902
9781
6128
133969
65039
140066
125405
57247
128571
12056
73765
8024
36937
145259
60161
137030
39465
144818
161053
51276
16169
1030
107882
88445
58793
87530
9829
8169
25135
106346
1883
41266
117857
131172
152142
18109
145373
148996
6248
68946
128054
49212
116366
54323
111598
15910
6972
65470
123007
29866
6682
147454
110905
24325
128010
19031
71879
5550
51180
19280
8194
13386
123301
144403
59727
61940
58962
118390
43679
156942
66005
4473
98820
115846
75709
26096
65719
96991
19541
73647
53743
42981
1517
134319
96714
113630
94774
99745
120018
101032
33978
62485
67102
149293
110217
149744
101143
152018
89301
100300
93112
35573
70674
154729
31805
44131
96649
106014
157384
28431
91501
9944
36884
148086
5656
41885
57902
120499
4552
52932
52503
155671
73813
160946
89397
63805
50847
15222
87175
144720
84377
116720
55217
108533
29963
11223
24150
52492
142634
149241
112036
112071
8634
425
25863
48257
93496
88921
140160
128691
60415
125593
79183
12552
18937
17463
26600
37140
120695
49478
15836
52862
4405
13503
151955
117246
38550
17725
19207
13569
137562
94214
133861
49748
30678
106364
4614
44710
6507
72644
106459
125904
82350
87511
9126
86174
52458
89491
140282
139747
33109
41570
93934
5167
152802
28173
161014
158228
64442
135650
54506
8019
91344
1051
99408
47485
58953
38517
68457
150226
130697
14765
108964
145175
110797
95218
33997
108372
64133
127724
25498
22408
124110
121230
85171
117322
56443
124183
61141
5309
120077
52981
76729
24467
68349
73575
12884
7700
151545
106404
54923
46708
40871
72954
99240
31095
52002
151956
132382
64089
98863
116251
132625
90281
114953
103231
95612
103528
47944
83537
90800
48909
142581
149078
6633
95140
106455
144724
154295
157623
152442
31864
9103
51801
122399
67602
102469
136839
18007
43537
65403
156321
34324
47358
9152
116935
55654
27419
133671
562
26127
59377
107671
99296
56929
15423
149027
83957
59087
107190
44452
50251
159201
149103
18217
62908
37075
139803
51182
158533
121586
149327
14109
83358
92630
154894
144693
84307
154183
56923
4480
52595
11979
146761
42093
77619
97935
120301
139836
72616
100744
111051
48174
84400
116764
134265
102367
91021
53319
49633
139019
144138
6452
117370
9891
47840
7520
1541
116016
161525
70094
42762
113832
149985
121421
117941
116977
22427
98654
79431
146448
3974
135093
132504
108112
105172
16979
161000
99401
53179
19717
152525
95044
144625
95688
101140
125357
161088
123907
155540
121641
104439
151901
147660
77474
8111
100498
66544
111481
44414
17066
29180
128205
22386
48324
120753
47895
59283
133338
110737
38309
68086
143213
24497
72417
159961
3666
12648
76931
6801
6680
44399
159998
59559
121621
72543
159207
72416
91067
21108
15379
92347
96936
158659
153832
32876
17778
110177
125385
131409
9276
43083
148115
27954
41825
121993
142335
91359
54979
17723
14116
50362
108875
133952
140134
53371
131206
140783
13016
78733
128765
81103
85601
34191
83024
41849
120353
96838
19703
97330
161131
158700
29622
54090
35752
82222
135859
119416
157762
64339
143476
151358
40714
53035
79116
12368
98579
102724
41751
52039
3522
25207
128904
128385
13746
35357
49655
146305
155269
61986
107061
94212
152012
19313
31303
135535
98781
52943
65447
114232
161227
149496
7846
63986
138257
43051
32188
136605
78560
5329
153302
575
139764
52875
73595
152424
89063
55103
113204
98009
124627
38584
67436
158192
124108
13363
48417
115117
43528
34337
94739
1581
116497
2092
12524
76506
80788
134238
100849
136579
115618
75447
125292
5907
98941
157370
92718
4735
87154
69804
112178
153928
154683
1451
159605
96889
19326
109900
32174
65339
133691
111770
76003
67450
56272
127050
57388
55539
84017
135907
128717
149942
146848
97803
75059
150106
41708
96227
109889
135496
31938
85893
107979
113079
17490
88085
35693
147219
149546
37222
111362
98851
15735
127280
30360
108779
40700
74029
60947
41762
119203
16604
84814
49661
10877
71044
86725
17237
74726
56319
63816
104778
82356
15589
11094
13265
16196
108392
136626
81934
37960
123281
114310
104932
82375
83244
26715
98357
159193
159291
149068
91089
74592
91832
46891
66137
15534
88393
30815
154725
150474
54660
32731
38059
12500
28076
62524
63233
73089
30471
142524
13123
52898
60529
40861
160860
111286
132882
22385
119899
13061
150637
11270
99518
8362
145266
9472
59176
39044
144129
14574
58401
2654
96043
64040
73743
125489
158197
28847
62442
45280
31423
118738
37935
26447
64165
107069
161288
29952
141491
161561
119666
2704
106421
118775
59940
67428
77811
101244
14545
67665
142913
26208
59473
1490
114278
157809
135114
108303
16791
120619
63790
112707
143994
22162
137415
6326
74257
36629
140702
76918
109388
82229
1195
153840
101622
92980
156056
22909
35334
48293
158257
6259
116877
104407
161087
158522
72319
115562
132489
115994
136363
93519
54822
143703
80869
45693
5756
101301
42773
149348
99977
66276
147997
2489
11756
125193
3413
8973
49095
106274
120809
52907
5567
131612
106510
149199
28620
11540
81901
1986
161090
145590
55394
113790
75223
155893
45569
91375
78779
11459
102938
6307
36926
12807
151969
2942
2653
95028
80112
105892
65433
90246
112686
155536
155522
126094
28049
104230
100032
120204
98282
63280
1202
99979
78756
38047
78174
77713
127259
35870
140581
136161
120337
94595
17693
63287
146723
159989
71738
78625
132843
145143
24933
152026
134574
140743
3193
16577
160140
154476
109311
50115
134271
7824
137398
32221
116274
10991
140127
2082
58729
50134
32019
145942
76037
4742
24195
51037
161216
6694
161299
25768
146236
90885
4959
128882
43206
130789
118130
120422
63338
156917
121651
65920
46005
18679
161490
132853
108945
25050
112158
128720
129739
25686
41754
35843
74731
12153
130834
71266
96932
98716
130207
21381
4523
132038
27558
136202
84130
53927
51842
47613
18807
16252
111316
110497
30835
120518
138303
140311
18294
130185
78279
7559
20111
20113
26500
130263
69667
52710
6086
121098
56168
118760
146701
127890
118423
69143
21232
119048
137047
45778
34712
8289
68321
160478
145370
86464
43741
129331
76943
89500
137124
25540
7512
79436
99735
132710
134356
56158
143156
34884
60253
110261
120256
24219
97635
88189
122215
153009
140841
31797
123998
107860
53791
37574
118053
24074
133378
15360
160958
7598
63477
140974
152400
58949
61598
49973
126599
149222
6994
132000
9881
43649
90155
143423
151178
16763
92765
57072
59263
138688
143046
21311
68893
78302
134135
95736
29854
26982
49912
63379
146028
90059
56550
116447
113530
4287
2666
42638
22874
111127
140226
48494
9097
80691
7010
120645
102583
15593
30318
72120
70178
64126
64117
93330
85383
115743
53007
126382
120636
63824
136758
140215
66538
148280
29359
56318
3313
82289
111955
129846
100842
90816
148348
118827
120350
141159
60780
22102
55471
52891
9584
12135
74591
18480
93677
123558
111080
78523
13504
9641
6280
16575
40584
38119
36341
109507
47778
100496
20530
115584
59343
70932
51843
20969
110801
69789
137209
111848
82313
8647
40178
65769
65422
82223
143536
157008
42580
16248
76838
56487
104896
28108
40428
88093
82568
67795
70194
77120
138793
115127
79637
83905
153941
28699
132486
95505
42624
14927
15308
149676
134088
142896
38764
128807
5821
101726
9748
129312
28475
83832
28534
102948
142572
6428
52082
160887
3370
141871
132522
64044
89201
12698
77166
62177
6847
32620
104768
77318
83938
91532
118362
18133
143923
157941
35418
100953
4122
66259
116066
53681
76521
5909
16350
81640
71289
98558
7961
121416
37712
32937
59723
10918
78343
10398
116885
123916
39667
153468
132370
3608
20236
114324
115329
77150
34427
88396
5858
53302
2336
34627
139261
5261
29287
44777
53147
44854
30954
70571
85391
119104
42714
37619
41705
12461
65350
53770
59325
39634
161275
57494
130261
153010
19617
123996
5106
124417
72706
133281
14846
57558
158408
141174
3300
115683
149434
136110
34688
143354
114106
43475
53644
139714
56986
58526
115854
123632
82436
10976
141616
106164
23572
111490
44433
36967
1308
16957
15378
52908
70650
155232
75857
22094
4131
98683
100893
135838
130679
83790
42793
84351
45968
22353
52460
8984
147193
77939
158062
58606
83839
77206
109949
13702
21195
150295
66799
148710
56893
57847
141957
78
6193
96601
154000
56305
65242
27426
1901
28321
153409
122885
12771
126253
88955
103980
70007
110966
39845
71105
99833
72907
92280
19147
110749
110069
135954
120724
14912
95124
50749
15014
86424
30716
55952
157212
30028
54742
139621
95933
18250
25673
23259
11413
67772
78635
25598
68507
16896
160855
157757
45203
923
99053
30144
38736
136
58435
37200
17032
93974
51968
93022
106989
108354
17672
39408
43945
92455
84470
60701
95806
46595
95511
29921
54571
94733
109228
146429
57839
128044
157223
35959
158201
41935
76618
51285
74967
20502
55226
108505
117827
3332
97189
7473
62542
65324
100216
113885
130244
48144
26049
158437
65507
146265
134396
132798
16306
22897
42099
100073
139762
7396
489
15613
23709
67695
79092
12190
45026
125451
78039
101732
47202
74195
27715
59074
50504
5172
125466
81803
110590
115146
48301
133586
18869
152961
131673
149404
60358
38742
43362
4478
127358
157428
47604
41903
76453
5819
115019
127922
119128
28295
50416
50545
105148
78852
153027
128283
90124
77921
101146
77240
160107
72445
82388
158927
124681
34701
8623
40060
48224
111184
7625
120527
55266
101537
61581
93831
5168
33277
23772
132347
110075
132065
105849
134995
5147
27732
124494
17430
89517
86849
38114
77772
100075
83550
11868
145771
131130
33458
142852
37959
145193
155861
121312
141335
111006
62339
13515
64615
3670
20467
115148
51905
119968
21445
102870
127500
62067
149684
101327
126028
6380
90449
71299
103558
147745
41699
112069
49443
19096
156916
88779
52044
5419
114348
130916
53843
108823
100392
42407
79458
130057
63250
65755
129142
3113
87358
33914
5026
129137
126665
91230
58942
6194
3089
26433
41969
77085
49135
103160
144537
83700
120310
37019
141843
46240
2001
11831
145498
100480
95477
107797
40669
14855
51384
27652
35332
140036
102580
148654
159351
122407
30988
22747
149561
3488
67758
128031
104446
158708
85074
42639
160060
49298
91409
8316
97354
21031
106409
59186
39076
69501
72704
88933
127113
125202
3544
85516
104414
80860
84224
15907
41268
73730
14066
83169
49035
155821
157844
131843
69207
23174
35761
140465
136226
35597
158554
79119
103675
154797
54781
119377
40139
115011
48966
123375
101765
28306
152384
105103
70193
154128
139885
139855
60861
43315
28712
143411
105150
54386
82123
70720
58701
23161
72185
69951
83521
50972
108886
143963
119011
138030
36067
159336
154678
95037
4613
110447
63074
24377
278
144942
23378
122707
100923
58468
82486
100582
41809
134339
136144
153238
25508
126812
143854
73898
93479
117670
135816
55194
30474
58181
150107
55075
43483
124774
2180
4519
126316
156115
65093
137734
71890
89108
55598
26806
49628
138910
99834
30055
149448
103845
128325
34844
139441
131265
1674
43260
37464
1478
126669
121805
7638
39866
71130
156220
68554
16447
144430
124079
43895
82759
159761
134992
143479
86030
134065
46986
5586
123596
70708
126506
89232
56552
17660
30240
34480
1903
140396
68180
82286
45333
56766
26134
157586
117318
128453
56654
37290
62934
56583
133884
52154
146679
130467
47656
7827
155816
39601
126857
93528
157655
24786
46610
71086
128723
84710
23594
97583
123416
48274
156892
44753
60471
147821
148535
97962
53046
100477
18841
154077
116031
117920
57865
141676
160561
87122
69545
112375
46157
37331
142105
127821
17154
33296
139906
136890
51108
54498
126215
116766
146178
159772
41576
148076
96631
89878
46643
6748
140363
88540
119123
89013
112635
31069
50931
18099
68942
141634
84939
126200
147443
154117
88506
101701
97526
30563
9668
72378
79084
12159
5156
69954
158330
139729
500
109407
37964
60062
100210
95174
98647
128032
18526
151879
19911
63215
136954
38355
95356
99516
1668
96360
22951
106279
158314
69038
76432
59382
39915
66164
95057
4838
99566
5400
126959
24388
46053
17726
111423
59058
7804
120608
7265
76732
148546
96866
154959
118564
50177
13525
152184
108624
149955
12133
147584
143954
78328
102197
65948
71528
80238
49072
14238
39370
22093
122339
142891
110518
85470
54160
30053
39362
131846
5807
53073
22001
60901
53156
152024
19425
95762
52835
118581
23412
109535
158589
103490
14347
20590
84853
11846
145586
87913
90054
91696
29605
29876
132667
11589
84518
23163
24511
46201
33663
2007
108579
69265
110626
67247
68494
142509
148855
161432
41324
46717
145868
89198
56449
15433
121361
153646
38722
88249
25257
58745
37986
29281
11458
90069
127267
5409
114335
20776
116880
93545
89056
55083
91764
152038
18829
86171
106505
90997
16408
42247
77231
89958
84238
101156
138706
46256
109905
110802
9790
47517
126228
119212
23930
86935
122689
34839
115842
48418
125710
80222
135291
22272
95940
101352
128064
138374
126479
3973
128733
1323
8066
44501
101442
24540
128206
21453
128633
132424
72332
138243
126069
136643
121854
93019
156174
126488
88750
25685
123497
75406
12385
98018
122768
17730
113594
52884
43657
153097
23068
99665
87617
72624
136042
132836
157913
63757
96484
89749
90216
53125
19625
102466
70380
109425
101910
123972
57134
35804
83476
23205
63784
33693
60564
57374
37914
73221
1258
109983
27869
62904
57066
135618
32552
118404
157255
124221
29581
49414
55959
20102
123578
145001
96907
19196
101179
92950
99954
98773
61667
55885
133183
140106
125966
153225
139521
34443
139083
111347
60567
115819
70791
132586
158603
74076
155529
136430
129495
100977
118101
19099
18930
129130
51958
145956
89755
120931
64352
145145
18667
70540
48278
23
115005
50604
82548
112500
46403
123939
72933
45981
84856
75854
11106
137162
39129
40545
119764
143690
151813
20673
29833
85526
81124
19426
110639
110661
122143
66816
66846
10672
121164
72047
133526
74340
94744
112722
44334
40157
33645
43899
21168
59725
46041
127925
121905
66487
61068
151472
45547
3044
33556
51516
35323
110982
122843
134919
35721
18970
93583
114854
118570
46216
109607
53634
36869
74827
153482
22820
125038
92065
159841
25403
21553
35202
15485
59412
10611
66515
101873
154392
32806
145767
98648
12959
86830
37992
132218
25816
9579
125796
18306
159881
83008
39142
69695
109466
27925
138678
40524
45400
135209
153183
51734
17054
90638
158260
161423
160489
938
151986
108513
28240
96922
108597
51330
17659
7151
157159
85909
61163
92613
85004
35186
78487
102419
52405
4765
107157
98705
18063
86584
37190
112815
52304
105765
152211
113608
129883
95604
8366
89230
127287
50679
110700
90992
99181
2107
19037
96734
99445
63144
135139
116345
133630
83096
15502
37230
19521
35174
41460
161136
141912
1077
90791
111193
21097
132358
7452
139335
17556
29462
53821
139424
125903
82346
118516
137339
61785
133525
127506
73833
93724
89477
35218
63141
110374
75896
111425
108920
39477
39773
70966
124006
126162
77285
107885
50659
141875
74573
95137
74336
88205
89812
77734
92273
80299
141901
117255
53812
151223
140720
28340
127079
87569
160994
18136
21401
119738
13239
7575
158328
82018
157867
56771
83551
158880
31643
35771
64012
120755
109605
53586
107854
13860
145991
13022
150493
66905
76496
29245
57810
120412
127872
73304
84578
30859
140531
80464
92038
82692
112810
11604
68368
18821
106599
15808
106249
70642
26601
150788
103832
4298
38814
126400
151940
139327
89585
3503
121044
140879
38952
127368
89241
109775
17477
52999
99840
53890
151645
141405
34207
123147
139312
83342
114320
3180
24164
68949
64537
12653
18981
18687
130798
56436
73023
3472
32434
58831
3967
77310
108508
155152
47880
93542
110791
13009
11132
54223
130948
113974
142284
136012
154134
138487
73907
137370
107492
109078
138818
47088
171
19952
93322
137298
159386
96670
9485
81115
36711
18212
9527
43840
137733
95914
30370
44443
44991
112713
89816
118022
160196
99308
137214
123399
70097
61411
129974
46087
66805
112110
120693
63945
94823
155219
72350
11940
72946
26351
84038
140400
29504
115408
52345
25433
140103
60656
112526
128330
117778
135987
49573
25701
34147
90886
147661
128920
100824
39742
44412
84012
5057
25566
157117
130005
47670
82717
61486
46235
12482
89177
128475
144139
152886
1144
70153
153992
45861
6269
19396
158304
100255
118169
136636
30430
28191
3508
109037
134061
8323
135944
108642
53760
114845
3969
151423
158834
17804
48558
158332
127633
71092
86861
154818
60682
82895
105565
109571
64426
109478
28021
35209
139862
19222
72718
8183
90362
85019
93753
118175
77978
130750
13143
129990
136223
58601
53724
107819
157043
36891
120466
140083
107793
28397
93888
88418
5218
113721
23040
158566
68238
72226
161121
59031
152322
102356
55580
100362
62846
154743
143911
152304
148080
90167
144592
93893
65440
9854
130186
11304
60096
128415
4539
23058
140669
142458
76350
85652
122844
47500
143207
79108
3338
117078
123593
93842
129410
83043
43115
86437
77366
130664
92178
83405
89796
84956
146267
90982
94722
33721
140540
65963
147543
66593
116253
89222
56531
116393
119725
71894
67816
78777
11332
100005
147227
135182
106166
11141
143450
29413
53755
153430
26246
21826
65245
49220
147419
75
38488
18654
84887
121894
28460
22060
122104
145883
89271
25759
119077
10437
140823
149040
139318
26891
80529
160335
145377
70432
32148
153955
43228
25277
52532
130369
22742
36946
132788
58016
7506
11412
143075
8205
122405
126641
2050
74968
32236
58500
19012
118891
77826
61548
119480
55115
83770
119741
47974
8679
124099
156547
64835
21732
36128
68669
80656
47458
131531
3411
19494
148547
27982
114283
62045
117694
85464
68547
150641
147218
106601
126841
22700
133462
59943
138618
107039
75402
95785
3028
107666
117404
56681
12932
102196
135185
29961
55502
18668
112264
53924
8092
34006
103487
91563
14579
85014
120030
74232
39547
48376
15897
73998
153199
25427
47582
15302
82256
51018
104042
2059
115771
100879
157420
82253
9506
43755
61258
125824
78146
124251
125089
132659
151912
150787
12531
21850
37500
86585
40446
13235
105783
133016
109441
103836
148964
15582
72098
124359
146295
146449
159237
129127
139904
12062
73827
60938
111707
18206
19489
126388
89167
45770
112351
16882
55036
22853
112035
4321
113292
117045
39387
107272
13084
12498
98561
106453
147909
1972
59076
28107
86087
97672
110715
67920
142087
117100
43595
122076
17428
149614
107605
42017
24189
90685
74843
95619
39229
122259
22628
101511
43598
51872
107180
111699
86606
37310
108689
132646
106215
83218
130392
66468
63335
16894
27169
96505
42570
158187
123013
143924
19542
147547
153201
151254
14787
155428
139433
77022
17870
34032
124682
45624
6738
51966
125441
8471
123414
4111
49268
89831
3281
1964
133123
107844
58716
141158
21402
114606
161160
32365
152953
52613
15929
8537
70702
153349
81882
82932
19070
154935
13187
105278
145781
123022
47095
61944
88067
139901
58711
60646
42707
22008
5682
70351
81102
43118
117525
85036
28298
14593
141305
145242
48758
10466
100468
74326
61160
6411
57046
110955
44459
124427
36223
141832
58875
14382
59425
111431
37744
7392
29609
76636
6143
139014
49626
99899
149176
69504
21751
64822
80117
105901
43767
75454
102912
44240
85986
35189
125380
73354
143097
116021
130198
67083
104702
152652
39473
50538
8784
159723
138696
13388
81687
35227
63159
67414
140093
121340
49637
33574
140840
17416
161535
161377
44942
100237
105676
147058
8124
142330
43000
66682
32911
68747
121792
66271
10757
101707
98144
25176
47150
52158
7813
36078
3410
19493
110977
30632
94063
155378
138196
59485
92366
84141
110405
68188
45169
89478
67911
101249
70199
117145
63011
63712
134619
27392
50909
46574
151800
122849
70247
144735
84431
18384
12184
1321
8949
66374
130763
114130
49659
149492
7845
98874
48972
22724
156112
40341
106494
146201
148919
2971
98936
98930
116164
133405
39450
144791
154487
126463
115271
34314
61893
121955
66603
117251
49738
145733
23081
86485
141599
152880
70547
60155
151082
114048
115082
51804
89684
9957
159182
76737
143862
71307
125894
82262
40509
124216
146105
127972
108276
13649
152439
18265
100088
6203
30286
55263
28850
52918
22735
95522
67356
159731
93270
88678
13584
6175
137476
6062
29700
69300
125184
41949
75357
149018
3002
158333
147112
89334
99381
89436
117760
87298
19456
122878
18073
94101
90847
46538
90843
157604
115512
85827
41897
111732
99591
25360
101235
931
95248
8598
85604
116311
133591
30766
119326
36948
118645
52735
137503
157141
154216
42261
132513
39637
141977
5942
8528
39645
20979
29350
139041
149698
110270
28
115952
135001
48995
83834
122936
161268
6559
57180
100176
92057
82778
112965
79509
19531
21772
40944
64882
96613
53
20560
17044
87561
146129
98956
88514
96765
109484
51856
11479
20295
110265
12003
107696
6831
115515
52541
12711
136267
139283
77905
101426
43256
86647
36004
81664
52029
113746
83991
35445
30883
33334
37510
157633
18754
36052
46013
107799
155584
120408
52783
138520
11760
135967
121717
15730
85499
131923
112251
102497
69839
160693
64652
120022
32726
59378
123353
69963
150778
137015
98237
144142
12562
99088
27204
26582
132523
31950
58022
46394
142321
33405
75892
119625
145671
49211
112939
57308
102441
7358
26245
10463
56868
91797
66992
40216
32964
40963
5657
97495
39466
146626
159810
48542
123581
89773
157123
99522
118234
142661
124170
89195
135066
132717
38653
89452
116171
123043
7194
33946
112612
123944
46903
80726
56836
31553
9632
138282
23663
47696
7919
160807
144734
68196
104902
80287
123713
24597
97500
110276
146607
22211
50798
121777
151845
55731
54129
119814
72330
157714
56010
28008
16932
48745
111180
77322
138106
73254
92344
34825
45945
21467
33265
9006
60518
53022
141030
130751
13144
152170
150409
134956
119513
3891
21075
12918
138236
54244
18726
105711
156475
39619
7221
108164
71970
99837
144603
97408
97338
109858
136162
154339
62471
119621
110158
34368
12627
76870
141344
136694
925
116650
47093
137963
140617
89600
114774
47369
51139
15887
32698
118395
59324
38715
145100
67708
65866
60601
50606
58003
35921
6896
138763
4144
71189
87125
23060
40068
146426
123205
69101
128495
82793
161379
242
27631
134183
78388
35462
130120
132779
18359
115798
123003
2881
124414
10141
97405
36838
141660
109896
99812
119346
48563
95269
123173
133937
122281
94881
46364
56540
116432
133739
22887
149556
107655
94350
152456
11765
36407
141175
70242
84312
30090
54856
112512
15487
4978
10605
34378
14322
43305
132542
57908
143603
80592
73522
150738
135784
137861
41839
148550
4787
90219