139697
120690
147372
45787
138582
107259
130854
42967
115576
154728
10143
7892
37890
66560
142894
126699
140124
61470
137097
107882
27600
1903
157398
127184
51616
140030
115651
112923
30279
158624
127515
124268
47716
30999
76165
69352
55285
83009
47389
13127
152137
142327
71786
129462
134501
3668
47813
51409
70094
51010
48487
112279
129821
155817
50032
20120
159657
15806
82214
128187
57317
140129
25396
51089
153738
23241
37475
63670
78422
8531
67801
72007
86361
81984
127490
51318
44092
158529
149487
136150
71653
28859
134651
156158
3852
99565
70291
142317
19031
11656
138171
50013
36136
46891
114870
14378
30519
50802
13696
54455
45442
2119
17402
147417
44276
113879
40590
128409
68058
54158
157255
50054
145123
133478
33562
44278
3969
130279
133351
46047
70799
44486
80884
72687
121984
90505
971
65112
72245
158466
151007
46532
53934
74843
1433
67425
140329
74073
58729
102242
65159
34520
62191
7116
62024
157050
151698
105075
73645
46783
67717
81278
149668
124504
76947
389
61867
60214
60265
143509
131331
64832
63383
43717
60276
17160
69611
147799
129737
138743
60867
140110
49394
48458
68041
45777
145946
77109
48995
144547
50654
14749
124225
127378
147837
121660
9533
136000
68152
45132
65845
1175
155318
48633
140141
94924
116966
66597
64097
88599
49898
44691
101898
10499
99355
128076
49608
26561
17055
130231
41992
31422
33897
117948
143228
66416
106242
30080
31081
49208
52400
158618
157637
63828
114552
129831
61268
50299
41425
55645
138991
51386
146110
118354
23856
69183
2605
104942
93955
87374
139457
9480
43643
143888
107597
124934
129400
132861
130821
64098
136801
107395
146209
57470
7918
157597
156013
23039
21869
71588
87061
56239
115188
56501
56236
52146
55414
69391
43737
90873
49801
139364
67009
116202
70596
143639
72143
50279
87005
147558
143619
113355
49498
26736
143951
41077
160329
138370
22911
109853
133545
91860
44356
67191
129130
118997
43572
47616
44898
153843
148127
115701
69098
86536
110313
55701
116347
66300
28875
115319
56309
144393
151444
29923
47077
30478
159749
59040
59500
52245
130182
161330
49222
33542
54877
99328
108242
140988
95825
139575
22078
103304
135547
32159
18279
58179
71638
82004
7641
147603
155380
59453
25684
13013
38106
11526
85666
75385
105909
42652
17015
148725
9730
67963
72863
128600
41728
119487
55722
11903
126883
50008
113529
28723
65447
137765
44144
65582
153596
25496
89296
107513
66314
159754
53584
10093
99824
56120
40194
51251
113799
128856
158040
143097
129036
123919
142015
88114
94126
58491
43609
28677
4302
147436
38071
140337
80633
128110
58944
14217
52187
89011
7594
88898
143940
110380
141808
57405
129773
136937
45180
127985
88393
42062
62368
127978
53722
96145
62620
3260
90657
22016
156918
55340
136807
100432
72604
92627
145717
26474
131405
41549
139260
67530
23892
103102
36863
60080
60598
127112
146721
49331
128584
108409
79414
20213
48652
60912
36980
138157
64261
20579
37248
96767
93041
38544
134886
71749
133880
141722
142864
80092
49039
143187
61869
108205
54699
113511
10586
77184
7367
31228
117855
157081
35449
148240
19506
134796
145729
18667
90135
31205
38606
70829
101072
151674
143610
47122
157497
79270
45478
48351
54697
46765
2284
110409
69969
84367
84370
76747
134879
72999
18490
139075
160810
51739
141939
130665
72591
49284
101047
75514
149745
45548
63908
113942
73891
87197
10920
37187
143149
68546
75058
101392
133220
132467
64121
6597
94763
95940
63381
73627
126611
10173
35664
59253
49271
16171
132764
62102
62521
63421
92722
148082
105634
125374
60733
47088
41937
11313
10624
65856
64792
80775
50404
146126
149472
62484
64105
144551
67100
105938
98031
2600
111421
60532
16961
138943
29225
71709
53137
126785
8373
90107
93308
70972
131851
121877
71606
15317
124086
111332
147110
9760
118088
136868
4057
52156
55005
109603
10290
76047
75657
114092
127756
98448
66088
61239
132950
14458
144682
124073
56173
77346
111475
14681
91847
95743
28667
81964
28668
66129
114864
97520
89127
70631
73885
11419
129339
3160
52802
43578
137432
73875
103506
103551
7156
61016
58461
1904
68021
320
3211
139620
421
53726
98134
151258
71096
144579
55261
12867
5843
137876
23896
69325
30862
8924
10289
57604
14447
18416
124344
43376
143158
22038
115986
158078
147082
359
102520
77814
142360
158560
52063
130728
19951
61449
19168
112366
84618
116786
56646
28544
152464
30815
146191
25644
34941
138844
65313
61319
87156
130965
30724
5537
69127
62176
60067
103733
140584
143202
48464
52076
118048
11908
80278
30077
48612
57942
38816
53302
57426
3352
53483
80165
20154
75512
154665
137453
125467
79558
63286
141804
45657
150438
132839
134342
41094
127291
35195
17797
15294
77978
1690
31260
155264
82335
140575
161416
65852
142656
131924
136625
129563
51755
65483
98501
22886
3058
53959
15066
13460
134377
43351
115929
141756
53504
64454
155889
73988
42681
61148
139074
21606
153637
35218
82642
46125
27862
72085
100257
43558
152026
70085
153907
128153
61566
89793
127732
50709
96750
18630
49008
7070
154881
158975
21239
94805
59931
47345
116286
133565
52364
117929
36676
135713
66603
56059
93164
68942
135866
25414
56573
67357
87482
89700
132826
116708
115159
36558
148763
5630
62922
147702
78600
61837
43484
94467
41952
69429
91824