1588
137266
63099
152140
156713
128656
41053
58289
90422
134488
93767
65279
84412
4824
63598
21890
86298
156945
52863
5851
18491
120381
41304
42640
47146
20642
131288
19911
139939
108403
144577
134204
93096
107247
41096
97337
3359
158821
63542
118356
73845
63577
137905
150901
145876
105912
160152
112208
130996
133209
128803
49919
26573
99102
121011
107882
5886
135612
145082
129462
91287
10236
125901
18723
112243
7673
111261
4201
131906
8163
84395
107860
104856
143547
46364
56843
155187
50205
61313
1061
81764
132991
51164
93084
138627
85341
68124
51387
112801
78145
86169
58742
15790
71409
36565
19229
70828
20976
151476
88855
106425
157505
52922
45406
31884
21958
28192
58297
44618
32433
3255
80026
155218
140136
106989
19843
146515
71578
72950
65887
120545
97030
87004
72569
122055
131313
102200
83048
49627
139253
47100
89414
104599
147327
63492
139868
67260
9566
64454
13759
8457
24939
117196
142123
149148
123009
3988
3064
61423
67436
121080
5268
62886
64439
143530
2107
108762
60719
131270
89986
4862
15924
138366
68160
65915
78203
109418
120163
59749
19172
66615
155299
99300
134330
35667
18392
1175
124209
136698
63796
1788
65665
73137
98846
85755
84969
10623
141232
45586
65327
93893
99355
141158
89617
7625
160410
53401
49095
51407
101431
109224
43918
11107
45555
147367
2950
78129
7362
121568
64514
112995
56027
48405
100075
151104
78403
121543
109709
117490
119321
120394
158961
52119
93661
56666
88883
159634
123967
136995
133877
18391
36598
109541
67438
138542
88477
155114
131874
41572
44534
142818
156999
133275
156478
140689
30947
3278
19171
135746
14582
5301
96333
40387
70834
71771
11881
71780
81892
152675
72112
91909
20871
80249
140544
72480
88931
91209
14055
68406
87278
82979
51062
50969
116977
138031
113821
11090
23007
130047
75080
34788
51777
643
128435
3107
139781
44208
53457
160315
14155
44852
87401
127681
132357
101988
132425
89579
102390
82780
130245
85567
111684
59223
152997
152358
94779
22966
30106
85468
102874
51640
56210
102779
76983
50412
66705
5302
145775
111131
64910
77033
95559
101226
124862
45251
97977
4725
14739
14574
78666
17859
23697
138120
66911
53023
89918
86190
52886
70058
72801
120778
78565
37775
45595
70824
47761
130314
130962
160058
13065
150273
80832
117553
108554
64608
90588
45162
106264
93634
33691
145708
89664
75523
140344
38727
113714
111327
82689
37949
20648
139078
46600
55435
135263
23536
21239
46279
52437
102422
146977
52590
61198
86810
134085
88697
135955
66011
61935
67528
156413
141640
26517
11949
45564
71153
51580
1270
108503
93964
54506
129042
50062
51844
84736
102084
87415
153482
100799
3968
75417
91367
73675
24546
45402
108089
7757
81090
62731
142863
60263
52242
52828
58320
15770
94530
14215
51094
3420
131291
158443
18344
143514
93280
113726
45866
84441
36466
64729
35327
127041
115112
53283
157508
73999
156885
109835
151734
98511
131671
45114
22144
132734
18990
160532
55178
66722
139460
59077
80327
33250
83837
11039
11655
31750
42349
133424
74522
67492
35882
114753
113077
64529
67392
58680
68431
146424
62331
121920
56252
65358
4021
88823
10919
72707
130502
154883
131525
5189
31801
30971
53477
31863
33231
49280
61520
147211
106581
140869
59975
62597
75469
23195
19708
97519
96491
45880
88309
148355
71797
157900
54030
105920
109312
123972
66527
45338
1959
114300
72106
108052
125055
73632
29714
135713
152774
25639
3984
62317
4431
143803
131003
139122
69798
160884
161432
45688
109167
12337
63110
158342
69531
13051
61318
9634
65325
13358
72953
63916
155168
140585
26102
51609
33350
68589
46243
143481
109479
78118
1151
107013
74495
113675
72947
80638
127119
148464
142900
132684
52868
124277
76050
33160
126162
136287
106830
52114
102800
135381
150320
61444
83297
52513
8425
67569
49468
139027
129327
64882
26740
161417
2134
52566
26088
138769
46712
159606
38882
3151
16464
14873
67727
52404
42662
66247
40497
72253
104963
80961
138684
68959
130355
6134
40277
55691
61074
61033
93031
146191
126089
52497
43573
140740
157789
8258
85441
128158
1616
45176
133786
142363
106414
37731
73682
103094
132728
47406
108036
12634
58426
15331
62533
159105
44223
123176
151290
20226
126767
55152
25034
70183
138040
45482
12984
58946
49127
111428
102815
90206
42860
65491
94868
136554
31481
61514
8877
61143
146939
136444
51385
133543
64515
68904
51033
33680
63286
72750
93822
142847
129969
91805
141724
7181
55070
81543
61298
137468
67743
149139
145797
41623
95072
50327
49122
141980
42020
29543
139305
10590
140313
40579
136374
12031
20446
124125
90310
154116
95021
82163
157203
130192
41596
142403
16803
56912
158775
131519
3473
121106
127220
23310
92005
152689
72995
61463
134501
53142
1028
99342
93606
29667
99139
84144
54025
63902
30500
49872
114782
55933
51081
126977
22313
52901
127111
80977
130366
4435
110229
62489
136642
150289
102423
78999
91427
107779
83154
97859
110477
83689
26111
141848
52156
151314
51160
88868
34752
3056
68422
60077
131949
102722
129053
41818
106251
97142
72910
153336
66084
133159
80911
94084
18060
95417
147547
56383
75778
62376
153936
70615
65881
88894
136821
61907
125552
18997
43941
51607
66398
13758
55655
120645
43013
43569
51219
57911
145799
141999
139831
95265
159591
10231
64354
85875
62706
22552
9833
98399
24672
86466
80850
159525
70063
62342
147511
74206
73163
46139
153136
51716
49708
111362
129861
33311
68320
129137
58428
111630
65849
114006
35681
61177
158439
66888
83584
149972
4278
88625
23889
73038
65896
100419
100081
84435
43540
86257
105150
138448
141665
23681
68879
65306
23811
65328
155688
34739
84113
146335
160231
54917
148154
68821
120814
97947
129367
71372
62036
105084
42338
130770
38720
145146
71526
122656
45367
142041
143504
44694
154098
127195
67713
141427
129561
103221
53087
51166
62453
119750
3985
91878
79693
139278
127346
114711
833
62349
136408
26668
141717
28088
64157
147124
119328
88686
29650
58955
62257
68671
15166
100015
19577
11874
67500
109270
47499
157007
63661
141049
64109
1324
61386
127501
151022
72111
70691
68895
49480
133476
44977
62196
72867
149868
48213
49792
62279
152060
97530
66677
9229
141820
94844
97835
145808
104009
85742
77700
75280
130132
137791
69353
113811
13827
137137
23052
66589
150019
114788
96674
124427
62276
3097
139412
145805
60290
107316
147344
110930
144408
138985
26345
135882
43680
132045
7631
89772
105866
114348
17743
6499
132882
14415
49974
71538
85630
109192
17673
158872
74700
74804
3123
26249
93427
150411
102760
63669
132047
99830
159755
88621
69870
45393
161265
5891
59446
33609
57416
117351
141143
67148
143151
123902
142737
47578
69956
111800
140352
147218
50946
92937
117598
50309
134882
107511
130393
153354
134299
51746
19238
135919
68170
110220
115097
29790
114487
50463
3441
52854
126103
114316
140115
120618
51875
141638
24888
69361
161528
55006
15062
91808
47469
24261
48995
39755
42505
12205
50761
149857
73606
118612
16886
69297
61333
151101
45306
80707
78885
108600
126773
72116
62445
77980
24233
131877
128423
10185
41367
64878
136628
31965
148316
155059
39358
116535
25351
10641
130799
158988
17280
124310
88602
50053
50016
134979
126961
57958
67486
8168
61388
152640
78477
63623
19358
47827
140517
120270
136237
101978
52866
133601
12389
104785
97104
7522
44878
29220
54712
72020
69251
42646
56256
10330
140050
77301
50972
124842
29362
40109
6893
136460
138583
6682
32077
46058
60566
71750
95419
152385
130002
80598
143648
115192
54171
63851
161456
65860
131837
24302
46679
75385
160371
61085
128389
72022
90329
53085
84048
87353
151956
120252
4695
134032
5368
137537
100193
52885
108211
97247
143811
51253
54005
92526
142085
50746
52975
35442
83593
55478
131074
58088
116655
71282
39509
107274
51281
97398
144511
151829
70823
63541
64474
73938
102482
117258
67485
102091
4476
127104
89312
44499
142751
63795
97645
54073
85515
74851
98020
101659
73123
134377
130483
12460
7948
62365
65907
57988
114229
102143
122590
127455
138584
143873
45076
22659
5175
129175
144393
68753
37107
93256
76248
18919
44428
140108
130593
98439
24338
159624
17754
66108
28419
8779
80190
8907
68048
96707
126957
115731
52325
131445
141397
68388
44105