24242
7028
101164
15407
101151
63543
36119
136909
122563
92998
45566
94526
127629
136438
115675
52866
101691
97636
153070
70310
30014
2009
103348
157739
125853
125297
6070
54375
94916
58099
116788
93864
88662
12670
33577
60746
8065
121773
92381
84195
144568
66873
41836
107176
142795
149627
8482
101685
128247
97503
53590
110085
77994
21010
118676
59736
151864
38976
144047
88284
55128
25678
12831
101201
28252
88584
98017
127900
158366
32199
75525
92329
69128
19567
29416
93709
112562
12908
118663
146249
122333
432
55138
125134
66544
108430
137105
61486
42994
109883
35305
22991
60817
35407
140289
110186
139173
121133
53390
150383
72223
36467
122215
100286
68395
102552
72506
14969
36271
86139
35678
55735
92973
90098
123079
132497
141148
81658
52324
110054
65437
72256
86558
34078
43759
90988
76727
99152
134826
141238
17331
81642
21630
63855
96432
148314
79073
90033
141921
657
8537
137120
63139
1145
7141
96963
57848
63523
30885
11489
143825
108917
23986
507
97558
80909
18301
37039
34822
62561
72162
44484
66379
3495
95475
5667
50466
137752
133950
24352
111092
33953
57952
131668
95522
64541
120578
157049
148334
152228
69147
45966
36854
93196
17711
4641
111737
44876
68309
115364
124202
146068
67783
99088
6224
55346
154688
33782
108105
14340
128837
23717
99349
117656
46544
160917
31941
111515
100040
81648
61988
124427
73628
49932
60679
67910
157661
99524
40240
54708
18689
45026
5649
35465
42150
101663
126222
81085
54816
52440
156908
75743
152570
38077
53812
97156
89932
31717
57622
64200
17464
20995
114897
3070
123497
106866
104052
119194
90166
80025
75209
96330
22694
124671
33065
11867
68807
65033
154092
134010
92754
152502
90624
74519
67148
149339
106173
97243
23244
153746
114807
7078
9394
32511
24728
138333
126363
124268
21763
35550
138139
42660
81227
27350
126720
36676
21553
35202
63106
88903
21987
84252
9653
34805
28371
27656
51068
42507
79891
9477
63297
86521
23044
7075
145874
18293
111207
76780
99258
55796
9309
85261
56911
76986
142915
106209
44315
20380
51968
40447
19500
138401
32686
144948
40001
124939
124389
70190
94440
117642
17939
5823
97362
118189
136676
4943
25141
83760
154814
32059
136467
121498
141609
118815
60039
95361
143079
146022
82428
140103
60656
74873
1537
146073
77678
54027
107880
106835
123239
144262
71171
87082
38947
88201
126278
2911
40855
90010
76474
58262
36906
70933
37793
23144
59926
150522
19064
108453
14606
5433
114403
57896
18155
155020
59982
53452
43901
74785
74527
57555
43010
154182
64801
53678
121477
141577
66888
84557
103122
80210
19757
143633
151740
95000
4247
110649
142687
77237
79549
94010
90387
139714
56986
142175
36024
58523
129644
139075
16403
134191
16859
53638
157906
60593
61381
109762
61789
129999
77212
88423
46070
108756
115808
84579
118389
128036
43036
137888
17232
107236
32062
136469
130559
105788
60568
44454
142575
114816
144304
98896
28098
51427
84631
137847
138124
43643
77185
93954
71208
87188
91243
132292
49243
107473
107543
138141
114084
104383
151624
106748
158694
31254
27271
83176
112201
45858
115442
108337
4976
57525
61704
1716
42383
150849
78388
115313
1796
57061
80545
129867
38989
48414
14629
107229
966
143650
120851
32829
58801
122508
115855
20114
113894
49112
135423
57058
149869
81114
159260
90236
123528
70477
111394
57134
118751
73857
89658
63737
57014
57095
68813
5571
33570
138233
101485
39206
4290
100872
103685
32412
136603
1400
100624
55562
34905
120227
63752
36656
58560
150226
41662
135514
100747
94647
91778
90532
83716
12841
40564
84996
36986
5400
11009
8138
35129
23292
96976
115609
46602
23221
152735
100085
127254
30907
64069
145100
155561
120353
139904
149206
142097
48472
80209
121813
98696
20538
115656
139172
62019
147777
66421
155364
93247
139084
146591
91922
152757
111568
83551
54343
22867
72007
119175
112181
10976
149621
8441
39248
144436
62254
102757
52700
40386
52715
74370
113356
36451
85738
21081
40029
2735
84629
85075
32451
136930
160662
138433
54214
74890
1609
101427
86672
37502
142349
4642
115755
3074
94146
108503
22575
40604
38249
95607
21320
50722
126041
27833
101318
42886
75454
145852
131410
135215
54901
54299
2665
108696
118830
93316
75648
72744
24083
91366
87973
42036
35243
139909
33950
76908
6724
9740
10477
55290
133328
53029
19357
17079
94181
78539
81844
47271
17611
118462
22649
97707
69790
158645
122239
66454
66457
96984
19490
39891
147443
149840
9450
135329
136085
34903
102803
69927
98446
35483
54056
100777
35131
63015
124176
120201
61670
31181
135313
146303
149470
7740
11315
142470
77173
11331
23161
154341
784
155899
136832
90073
87874
41646
95469
34880
145390
156307
90747
123556
70590
17493
38212
131358
127431
148577
17488
26346
81109
34236
48202
136231
34440
132735
64653
72061
299
155589
78080
101783
41458
62077
96355
105534
86261
81802
21992
129234
100411
36688
69148
30372
71398
161235
84305
85277
118766
118397
18561
104363
118613
150248
102352
57512
21285
512
85936
49771
131532
120472
101825
48966
91625
80167
15603
43992
92849
99946
128008
159058
142969
113369
8987
85658
103279
67249
5071
103104
144185
152962
63948
140998
69316
34009
31808
57740
34848
133811
45218
89286
71986
56642
111392
70559
101637
113471
89741
62431
157597
73370
160322
41734
75268
100243
95339
122914
68890
83897
47591
98388
54100
54102
22965
37837
80287
97203
115289
157806
54078
118116
32126
58336
151983
127874
51253
41181
146939
47864
93240
78790
89377
80843
29279
95280
8169
112307
90573
160876
140348
52808
67087
92865
36528
34630
141339
27014
19805
962
30806
105010
146735
46847
59867
130373
71404
18283
71777
121080
145413
83920
115670
71815
110763
122673
46205
21262
37493
107713
146563
152317
141462
32029
107779
96250
46437
93170
31158
56655
83972
116263
15930
120520
10319
20251
93831
124862
138815
6769
99511
101428
32300
43275
58588
58654
37604
143290
104246
104576
1937
100655
19214
97059
63811
57862
68493
80289
15954
11860
125544
97340
72724
112992
49258
148897
149280
70027
105108
55130
140320
3361
140851
68183
11512
136207
6407
118033
44197
94392
119046
51562
72055
40751
89917
53696
150293
38096
98674
37937
35267
19280
64582
40771
124786
21954
46553
99895
140302
97251
87647
158885
73485
125572
103221
30866
136650
107832
101444
97633
19379
83821
96916
108576
115167
132009
12311
33896
95254
6203
13266
73537
92131
130059
143871
148192
3358
159094
19973
127709
93646
35324
83914
115643
58296
91832
159435
8067
42398
13411
141279
98219
152184
26387
17263
94976
26645
73061
18278
14649
96368
15067
101109
138293
87049
18425
108591
114694
131420
110065
71019
121919
66522
61432
159371
78397
102309
56998
65969
135850
118063
136433
39927
40157
105073
114100
49599
51107
6363
157470
76012
123617
8001
121526
12884
109112
113039
134628
151399
110759
53786
107882
26542
76277
152145
19483
123603
1998
22819
32033
58200
120821
66362
18648
60822
34401
130693
104162
78720
11196
30774
44057
93629
89278
135296
116893
134638
91234
34020
137088
56910
57998
95157
5485
27436
50684
131883
21037
26830
106114
157771
19359
34220
25297
90926
73142
86536
140368
78385
102291
37321
107388
28504
145708
4567
108289
155509
132488
93338
17290
68302
50988
86016
140213
62222
94527
73488
160501
122030
103963
109604
133947
113228
47881
137831
41772
144186
24037
77048
122813
126485
157448
146353
9036
67578
72265
20832
34275
21029
73606
64225
73677
156833
6980
123176
89149
115515
52541
131194
14661
143089
75943
20674
98292
8207
122410
23755
76463
24401
132388
51213
83514
27579
107943
64172
129869
126730
43758
134666
40982
100915
40450
61111
142238
75758
95731
101502
65801
147268
118021
96441
102462
58671
70965
49022
38092
107009
14937
147057
89127
114502
144082
84206
116360
64058
73295
154417
117074
99745
11386
2810
16789
19683
124897
63950
153626
108198
93920
27826
80660
31388
108537
952
6299
82165
8076
102150
95493
104664
152552
96476
153
145091
110066
119240
46932
3150
62490
20790
53491
39639
75034
141317
124243
19399
72154
121368
61855
53194
108181
142649
101631
70022
79426
13471
40964
20750
108140
56416
102002
148196
110642
24375
46039
97898
91765
72077
30383
157272
70126
107996
12617
76846
66394
10725
58556
122009
116988
96177
90992
128910
3960
110061
89577
58769
63572
12911
76276
64214
142277
43192
160
102256
157501
3184
98948
8033
37020
160843
2150
93788
70834
64015
112795
89850
117147
56098
32471
59819
41131
109140
116046
130344
63402
19405
37057
137545
53993
103501
147508
94956
56768
117173
44210
60254
64834
158860
52907
66599
160954
100705
140194
18980
88275
123839
18953
107407
2456
14623
124139
77523
80962
108166
116266
17552
89525
58154
36506
30333
22849
52784
7120
48395
35817
18275
145824
79103
70426
148123
9025
40123
6375
145787
19470
144222
67063
79616
131615
16265
22023
138676
143610
107564
139315
142519
81656
48267
76386
64296
112076
3898
18226
67103
83888
88808
1417
161549
54038
29573
136589
86525
55399
130768
104302
136662
66446
142912
10303
134695
131620
34378
80902
96369
142171
109746
2582
142041
150626
153902
115398
73905
158331
139729
137649
158747
38878
99192
52393
151004
152700
24350
143317
2235
102767
21765
41352
73582
142994
1633
109243
26633
30723
134712
50876
103609
46029
97814
39737
33153
43833
161109
146050
53651
139926
73366
53939
22589
156695
40644
146276
9138
69568
82599
24798
21148
144000
98763
154275
89712
42060
157369
20059
108652
21099
156276
36761
99419
59669
61342
93729
120544
112846
108195
156638
59679
85532
116544
86324
141055
108757
123479
2253
11686
70335
154558
117439
56748
15424
45091
28644
89573
11262
20218
107926
147070
97490
113065
113531
142980
4389
155022
161497
14557
52351
160875
42719
110758
38417
68245
151149
71674
134630
98558
96512
77476
8118
152941
112272
124284
16309
102056
91906
138264
43109
69718
145139
86153
140402
147176
107040
60578
77280
40165
16896
122652
157478
106506
22613
110730
76851
43088
80568
16845
131400
9506
126628
88564
38660
123091
42117
153043
112552
46513
116465
124144
14030
36671
3342
14772
85196
157136
2824
58076
99774
88872
95244
6125
30066
79558
104791
48262
107792
123080
14114
64385
114368
108689
114980
11609
39790
79986
15063
20657
116340
95656
15893
90687
147794
43569
135070
125305
55652
17268
67282
144602
8864
63003
35179
5139
17604
30013
58587
11361
97853
19533
73273
160084
154204
25735
148437
22303
115874
53246
12461
76089
131305
18279
105039
101788
82116
67724
78700
150041
3417
73599
138821
36642
117668
61383
77620
27281
10266
72249
127951
84792
106930
109182
10507
58953
38517
132372
156
10350
44033
158216
43458
107596
26437
14651
155052
18466
98375
73514
143345
47088
7720
152459
154941
6989
49701
116556
133912
128390
88153
126104
126220
118914
59059
1424
43470
91381
19602
82763
133743
152205
109354
74375
145663
89898
139331
132529
20404
26740
87803
141813
8975
114991
60622
107395
96273
117119
126407
87481
40316
143653
119514
138705
46256
109905
160321
121232
134013
35789
25169
154122
26248
41602
22098
9821
151832
98986
65271
145529
87712
124649
3270
108528
5252
51216
55168
25779
117792
53015
112459
46299
21438
46825
148777
127553
42524
155249
112527
128330
107145
88865
9833
69104
100925
40481
154808
93418
17801
147152
120023
105366
155240
90070
142450
76302
156599
60753
54201
11940
17813
116336
28468
101265
42097
149643
8550
1855
80885
100716
63615
27175
50285
98297
151713
70087
139204
90558
60975
59000
76710
6335
30760
58353
17506
11909
90336
144804
16155
121313
142748
148105
2988
96711
98448
26777
112902
103782
93666
7800
97807
77070
54232
121376
120328
148933
25984
85102
32546
58995
115546
132473
56536
57232
50558
97322
20961
57259
117196
61362
113092
40110
9553
90905
10800
99285
32350
142609
143797
105920
155784
98804
140059
46077
36611
54118
126884
62608
133821
110377
121006
37318
98030
56265
140671
142461
33253
32781
85777
11154
52455
77207
99972
63837
135402
148939
151835
11475
143600
80905
23350
72629
86184
61431
144983
102724
157362
81098
108966
111511
44473
83686
124888
43019
27566
36730
65523
146479
91634
15791
9645
106963
93681
110340
83534
52929
2739
57516
61624
5316
10331
120976
157126
7055
7053
119055
105315
137962
121127
40045
102089
9358
90404
6647
151035
41709
96227
9887
46244
141742
49376
43788
30550
145711
88383
62050
121984
133530
110848
39051
78313
5554
69230
28640
132451
143388
74918
95766
28169
66615
93345
108741
110785
55564
93030
116472
107207
28954
20286
74933
1748
74893
145134
155692
159270
77490
37669
140927
23279
88092
82558
24674
94747
110153
97978
112019
55033
143925
152387
175
96008
136144
6932
31414
32860
57946
69657
8335
75176
42325
150649
91324
150261
97159
141805
13667
81697
145822
40972
159292
97138
20196
37986
2040
94845
96726
17974
99083
143228
132797
73706
130695
56884
136109
1928
148910
49048
59878
68839
90323
84481
132274
79520
115173
106989
86477
121474
141571
159522
108575
20204
26968
141529
121675
101978
6686
80124
136115
137081
42434
34019
34864
62620
156120
110364
26772
89394
135661
28086
51783
107794
104197
65125
137825
123849
25790
31871
50484
143873
88459
127081
81385
117726
135892
42076
81125
96898
1405
39442
123377
143692
144538
83700
112747
127019
158325
946
30498
26054
122140
67056
100323
92870
43026
104641
46030
77454
100449
105052
147838
23388
102173
96063
129879
110683
30023
88280
76927
6793
51262
66680
53121
4877
73470
92954
14736
113173
45371
7212
33982
79570
13913
82642
137366
40049
71520
108634
10259
7516
66287
25810
67250
98420
155319
34400
1894
35333
140036
131670
21038
81210
32896
59655
87704
149496
68892
12893
137243
85271
46350
36738
65534
146404
122879
68819
18335
87904
112070
45572
159574
140189
92888
94982
88930
80383
106487
80776
87739
41132
25011
96018
62328
60612
76100
78275
19994
63161
83406
144039
125414
34685
62415
93467
114012
141579
146481
36828
52539
5640
100438
53292
158248
4385
132802
126457
68866
77192
8139
44413
111318
129475
131454
88346
32526
73724
147216
94024
12172
161007
93470
30149
45692
62908
137312
34788
42116
61271
81459
56967
20034
134997
108207
15647
157551
53506
109734
116946
134516
87366
103396
14291
143980
153274
24155
80643
19384
21739
121036
101747
139099
22306
38995
83800
116186
99798
52860
35861
58729
99356
135830
145974
119155
7341
34528
62208
1307
62279
65290
150033
101937
160540
19371
43271
31595
65537
90503
146274
91022
58894
144539
153834
51942
126817
132042
150882
85457
33674
70096
58714
122354
45965
3012
148823
96517
97632
22130
20736
90015
13363
51442
99236
74383
94836
96639
81597
109654
116397
133699
151043
106204
28567
17386
99368
94209
36406
132194
14355
43337
85506
106228
102569
54550
136496
169
1920
19619
31845
127539
81073
28149
51883
84845
71933
145014
95726
43375
1419
8384
75944
120890
81780
116658
107946
12229
160062
83128
76143
5014
30967
134970
33679
24489
3633
64477
47958
21236
40754
49546
103761
78507
10462
121723
15766
152003
102691
65328
136920
8450
77970
132204
64852
100602
73131
69212
81790
151945
105709
89756
61126
161287
159799
82523
24575
58775
57536
34231
81193
108951
41316
73818
37939
109303
33681
138369
75295
2767
160202
84847
33609
101651
24601
2700
7164
61070
155087
33386
138034
90890
76179
90897
43173
121193
30573
55747
72617
8964
23747
83912
70088
18813
8377
121852
45369
36969
119742
94412
138416
64788
152186
112975
67973
79120
3088
128681
24605
9632
7392
114305
10781
136917
143231
72878
23207
11843
130779
151381
44401
88476
72438
149373
120132
3475
15765
70418
34638
58368
61653
128827
5976
63767
66678
56238
105420
86027
35331
151215
26351
130098
9693
145727
47108
26236
6773
32312
120515
150317
153420
22142
37957
149901
3808
67547
57302
20346
126705
8277
143404
28915
132704
152242
42103
135389
161082
158510
66996
149070
26671
121068
72183
126738
91996
82515
152163
21592
40058
71535
19674
120489
120
36293
106576
96809
52104
111430
127031
43037
134485
34420
50963
157624
142325
14754
34523
79627
14100
26898
118147
126709
91669
106589
91549
85067
55139
28221
120773
64093
108522
103967
121279
121281
43677
102619
91459
136224
52823
87960
3423
53560
115382
85666
29711
159066
110966
39845
12292
11298
93250
8394
37902
52406
19793
42204
150149
149156
42012
20471
51932
24309
127998
87492
113742
107230
160754
8036
23215
17226
103160
72275
86709
66861
14032
83054
3730
28322
150017
8083
59527
55071
74989
48931
93550
89072
3449
71236
43161
59897
62361
156135
87015
122916
111234
8150
142589
125802
64579
112048
5657
9958
16242
159195
76797
42720
129601
48044
42082
8473
110570
13360
151826
159818
160511
54045
22874
86311
51981
144096
156744
124592
146651
75405
153267
12869
110724
40865
9418
43411
28467
152222
78196
11010
88811
98468
26872
130652
53179
19717
94761
81084
97014
23241
108830
22488
123833
8763
40781
146429
725
98329
113624
17311
26308
69059
20554
21396
142524
157325
47326
83304
4394
109315
56250
147831
133744
20943
139308
11570
153140
112868
98730
79178
106251
46860
119588
71699
144046
154273
30204
13727
104681
140275
41629
147635
62629
52459
27548
50882
84170
10276
55666
116272
6681
145978
98608
151545
15011
28459
148947
18775
86598
51013
126722
59231
144395
43372
156405
144575
107321
86917
143391
100213
91951
102661
53190
23979
45506
72402
535
37481
26266
116740
55279
96386
43659
69769
130132
36714
160936
72680
20205
26976
130737
157970
12505
105278
129692
155779
96821
36007
5341
112230
5447
40560
122051
66797
141045
52391
68099
147711
710
86012
130337
75639
3694
115763
12263
38669
94943
56904
76903
4253
93229
12708
111481
44414
38966
22110
54376
111718
152070
19772
153771
114929
91451
20012
19510
68124
88191
43157
85260
111493
78136
101892
42395
66293
2599
105861
156993
125655
30447
77952
126903
52855
89884
87806
100126
38269
62118
19436
22112
4718
151916
9884
104382
106743
64817
42098
67093
49999
13965
5683
118911
71258
101941
80100
88396
112093
44284
149541
2664
32031
7565
113601
136596
121771
103097
152032
58610
122161
136817
153127
741
48823
49272
88506
110321
14630
154973
107866
102260
98333
26167
115569
132495
103287
87032
38801
50159
45701
101492
42998
125336
119813
10890
51127
15865
11374
24050
77342
33151
52598
79923
46717
122342
18145
108532
108358
114393
130949
128361
17198
120173
23703
145534
93793
5875
132504
117436
148096
4449
157320
137903
33058
59909
124915
40162
121418
101483
126464
65709
111921
156054
66817
84923
57849
20491
147074
89175
20345
114663
4062
109163
101519
143302
90094
23205
2811
106882
93136
93799
89682
105058
84076
81607
134134
80747
41466
25971
37835
159263
77374
64226
2201
136791
9880
54857
24680
128310
91067
10210
74049
161002
48072
154859
105438
41643
42149
141527
28610
48225
87011
132882
80340
161087
107128
94599
5618
110994
37981
67575
74832
141040
37958
128461
160394
120276
152294
96810
46354
35942
64284
103780
76265
99949
97164
103433
45242
52256
98391
68386
51480
119086
34160
61648
17981
6278
55690
151705
94456
93131
87334
123685
159453
35846
19812
65305
67904
114085
40385
50342
82355
33439
102920
90191
77817
42565
139133
34200
138839
102634
35430
7681
22557
61008
71506
131257
105497
35520
57582
155959
101623
44162
160259
137307
156528
26463
34004
61427
39850
25941
113198
53808
141374
75572
3531
23982
80995
93090
9978
3230
50017
98687
129626
43559
134172
52317
74855
11762
88190
54200
89826
139323
161234
30996
97029
89491
128933
6512
90828
122634
31853
68975
108960
66298
12978
80290
75828
155633
90716
151840
96629
114119
108182
103644
75466
147003
9239
91559
84911
117883
60188
62101
17790
16721
92891
120699
5797
141712
64495
150995
16369
93671
89351
79660
65647
21838
145864
2094
98889
81752
364
15922
32032
54295
23287
19737
23978
70
13692
1707
131346
50600
37331
60769
129413
124250
21139
118542
59472
89201
130530
157996
156991
125654
122488
33934
8677
40322
71951
80619
107078
91074
17344
71865
18568
107690
115430
45554
125296
131949
20675
125563
147440
102405
58020
80571
112746
156802
41156
17571
2327
62066
41381
94267
47883
3087
10172
139068
62939
57280
33430
123596
70709
88271
157147
83749
35903
2907
95415
61462
113806
79776
38672
159541
79989
147946
73205
38325
18017
31945
79116
12368
88360
9972
64545
69981
47446
76336
119068
130517
12539
76568
98944
29542
98281
149199
93164
107325
58593
3247
95269
55869
100429
1389
93849
112418
128189
156124
74182
152025
132462
104293
151174
83280
70475
154900
118385
96701
98173
75332
92221
102583
42014
149314
48344
116054
32855
34176
61655
70698
125269
118755
147896
24643
46374
86420
98721
18553
85632
48999
109059
143242
87453
88928
53982
111114
94313
74946
18501
12915
66789
148698
26317
130058
158583
95387
99678
115518
143632
53591
158380
146648
144696
75358
96713
86961
145499
87594
2318
2996
43443
141796
61110
44084
157062
76490
5052
41054
73334
19598
21626
140327
43575
29969
67074
124442
103969
72764
134203
47769
65806
57881
85198
32845
76300
117268
134975
82018
36614
115315
28824
93498
24416
15896
102825
20319
15796
5094
113350
61419
88591
25677
10048
109276
69704
135027
29072
119490
13837
101224
79184
12575
103843
23763
121864
55519
80761
109943
49204
11868
87690
142569
151007
89185
54110
124700
123962
145740
27819
41714
113963
157368
30897
154220
133935
79315
63349
144684
78533
73893
139779
70704
155333
62194
86668
161238
10224
28626
47676
100322
90772
6166
30168
111124
10901
150740
12325
124869
91122
119168
16881
54988
99374
56506
13713
40272
7301
115644
120982
99184
22954
9827
82488
24513
76610
88743
54617
69149
2184
79413
90637
1259
35947
64299
113243
47901
10343
24656
140487
93451
88177
6114
17842
29980
137023
103690
65186
115227
2438
147455
115624
18313
143359
79536
76613
6101
136228
112617
131600
100886
15709
142680
157835
98359
95028
125311
99177
50453
44617
49816
16953
92972
37374
41422
23570
44873
145647
156691
124319
102120
27564
137199
14239
157443
136055
29050
138077
128713
114972
57553
157905
111363
44045
161046
107980
148463
84145
148734
98488
92527
92957
22984
122833
103976
1880
95597
20454
36691
73982
148523
4683
80005
97279
71128
13343
80797
14008
153340
48430
56235
20390
66525
75637
21454
34632
157516
124260
53961
118589
101659
37165
66204
82777
25296
98728
77376
23863
62647
161282
122144
64731
93761
81708
21663
120809
129766
9543
92199
75583
95758
42047
59547
72058
12865
63786
6971
118728
43455
40536
86780
130776
23663
148140
72761
159431
78890
109547
26703
49451
140356
55989
114963
51555
156702
118284
1513
107948
83992
4534
111335
48834
117798
10847
151460
15729
33821
8880
43987
51242
132840
147105
160898
89274
60616
82197
144289
137595
124525
92714
35904
140628
81859
101665
125907
123944
71672
12299
35886
2554
120474
125729
137419
110753
122642
100613
80939
143159
143152
13916
77942
55303
76949
89381
68279
124159
7772
84512
30649
132803
89872
94476
34356
151725
79899
159703
26454
49066
158077
26580
100743
39309
48197
29034
36924
65807
22748
5297
149128
113843
75441
3227
99534
58811
38161
67858
16284
91148
122568
143225
75319
90036
127500
150520
68768
80846
8810
94330
136642
7373
33799
26417
130182
141789
79747
14430
150257
3192
99475
125703
79013
97733
111897
106484
127645
98227
10785
58300
22046
26110
143505
106122
56448
98075
121015
16694
92808
821
94734
46787
127072
65823
32998
4298
38818
12801
160603
77935
131946
35109
111325
7004
152520
68349
158899
105867
114151
49711
108081
154811
65039
91288
57654
104804
158452
146951
95876
82899
130073
75276
87573
23983
11761
34192
63016
25777
52527
107986
65528
152624
41263
73722
47142
101951
542
60404
125182
141222
70530
7455
122768
9806
37584
90170
118776
53542
43538
76730
30854
87703
66835
76317
159635
59129
140002
42926
83569
131610
64066
3619
156692
72481
6104
153876
64003
105625
156559
40015
132184
12283
146329
28531
95431
61911
28254
94856
116521
152167
79365
13221
149646
8556
147955
2294
21508
18481
67287
102627
107353
91491
104331
92301
36034
68523
90162
154818
112168
44397
135990
111850
130815
20103
99918
65578
147906
154487
63557
99649
12479
99350
97801
66881
52280
143374
10254
125150
75090
9788
32431
158157
104377
57078
32583
59353
86502
89782
120813
31934
86643
142243
49046
142176
107201
134473
49606
44206
14025
82925
25694
47771
47976
94396
46560
146287
97880
34816
90888
103931
142116
47733
9106
11362
117237
134939
158923
140010
40703
72656
93875
135976
35472
34595
119399
153132
158963
70722
159558
100661
107767
33273
60259
29209
34929
62735
94216
159661
81326
100643
10807
121119
80593
23551
28896
9870
49564
22814
38435
68273
38143
67824
129917
24497
46192
100468
7185
95265
92312
108474
6479
15790
3540
21810
13484
106997
93221
87791
615
4586
23313
44505
38594
40205
33320
60334
105678
39238
83146
120272
13563
81423
95490
118009
41549
19078
65915
150018
21304
33764
91346
130932
161227
121126
81882
110791
140760
137384
119258
17340
43869
57362
149675
137919
155695
120686
27987
53660
28847
68790
94745
86655
37450
134646
131915
80547
106861
68654
60566
23810
130442
5660
130844
88247
37483
66661
44847
122717
55160
37328
68256
129748
125284
28456
102201
9704
4702
17157
76288
27094
38480
18337
103242
70706
103544
62305
28849
91884
81851
25728
48026
4448
111113
68079
110091
119377
59976
155952
107743
125156
75133
131080
43550
124606
158362
33
19676
9109
101237
125656
79746
14465
84703
115093
12294
63311
98103
46631
152231
76921
58717
58794
152040
150753
158365
63733
105960
17540
37614
86781
67294
146373
102504
14281
84113
111096
41784
3629
66395
17478
88913
72645
144073
43770
142518
148885
5914
91316
15162
153497
104032
123920
145706
111492
4588
159555
80088
14148
83620
27992
12133
95118
26242
28913
83795
156841
157129
18359
126816
141756
161295
156032
121959
141773
87943
41943
76645
94865
74843
1433
100735
119943
9813
47857
82231
67073
87760
57696
138564
64540
69778
2443
20276
33296
88345
71116
86019
120416
73034
72449
47736
100460
11436
103380
127152
400
3640
61463
72107
92156
143437
33783
156706
137354
40013
71435
69123
33334
5488
27446
60099
23254
456
109234
96819
14718
33431
83523
1779
10397
116885
2712
103996
157117
157249
110046
88884
21325
33904
46034
50401
109436
125163
94631
7578
114795
153105
27
44826
48749
10401
23121
87989
110094
12854
149820
9370
70133
52425
37206
67715
152468
110166
22543
14050
153436
155111
33553
71787
156540
145481
112834
102554
18402
97151
11382
142781
77446
71443
119357
42880
157751
134729
122426
21110
35433
24011
38990
47985
92670
93547
74573
594
128934
49994
13258
15983
2069
66428
44976
74464
3879
118110
81788
127004
66313
77625
8543
71772
93269
153559
112231
9944
58098
149676
48106
70662
138140
91119
151033
17804
116502
72114
76035
35519
9982
36560
78071
122251
108755
63843
131914
149099
159345
150061
82062
25055
47000
11580
12317
7799
140598
76494
151124
133464
43886
16002
69415
62053
12606
6571
20143
19612
44293
74944
95807
2045
6280
30538
26642
10888
59833
41192
19773
85693
95323
161532
161371
160183
51803
50076
155095
14432
92471
30695
55932
12197
113060
116202
60570
1380
4220
39170
3968
126943
157827
6931
7385
22193
148195
63416
107694
6817
136985
37991
108015
65403
106637
33757
61076
79405
58085
140905
17281
51938
23179
8330
3566
84821
136563
148930
134885
52410
91481
141390
43931
160027
155465
28055
51739
84832
8070
67983
79130
103699
120518
45204
67153
27148
116183
102645
126433
65264
39302
5741
91646
139444
109055
87483
94211
111241
124782
38678
76114
20051
127978
61256
97171
27687
137979
96365
147797
67604
78150
114381
50264
10623
87648
108611
53168
33693
103410
136731
66198
77198
108391
77999
102084
22225
158423
66419
15733
158062
37696
81018
102011
53829
22201
79509
101103
138273
118941
159082
2442
50002
152080
3198
89809
147503
94952
3881
101402
138349
41853
18453
97976
91266
79239
88953
5756
138133
1659
105600
86730
86713
116065
34641
141784
54677
157753
57272
37275
18238
101854
15079
156049
74939
7532
23098
16094
119560
61584
118133
67907
114323
132118
55626
59862
124790
104620
32884
137499
17251
39562
110375
140806
115414
16546
160083
75753
97368
32954
137570
52695
57458
15973
89883
66356
95738
103553
95494
41688
36989
88810
20888
56501
11550
102918
151966
17687
106742
159577
16410
4088
147553
111578
67560
139088
130969
104743
85604
77304
80300
114782
64618
68344
130744
115488
52498
57057
62492
52566
119199
138271
18947
124320
58528
37686
77005
151767
17476
1584
77418
100375
961
40235
81815
148587
41339
29831
9811
141003
25383
133488
54992
138350
12285
52792
87461
43247
25706
114437
13873
72471
18159
7284
6480
123699
18599
159528
140716
142646
160429
100582
22631
40834
72864
112452
104541
29557
133621
155945
126472
116015
75787
117174
2747
106689
1247
63612
116086
21146
108748
98599
71888
82245
24440
91503
79457
13555
41927
108766
34651
7583
100192
23908
127639
137404
75360
79086
67401
123880
99379
72625
97975
112012
89110
50016
10093
9338
43248
102743
145123
97070
12348
75649
3705
68009
79222
11954
147453
120330
147584
90874
49262
92444
84432
494
139735
3098
1270
121859
88959
115664
110504
68318
140621
142300
4333
153882
159141
76512
5903
35068
88018
150695
23846
127521
10487
122313
17089
153075
19119
18871
116219
46855
5313
130411
15940
158273
22783
153723
67501
2513
84572
116514
54655
79369
12582
149045
60096
86249
34882
149245
11927
119625
5338
34688
94130
76812
6554
130675
96784
4922
47001
124813
107771
15942
53907
19040
9148
26386
72995
159713
7643
75093
53846
70985
86580
119694
71994
149406
63178
64370
52873
87576
130760
81298
40229
149282
94536
94046
93500
76016
110718
37196
66251
142315
96437
128584
15399
156831
10676
58138
141137
75383
96742
27623
90424
129825
57289
33447
157007
72397
64442
2067
89593
38595
94124
66408
35996
39523
70529
115615
95115
4823
61025
127974
9784
119114
120043
88425
115712
133254
99894
34215
89827
62646
55024
107590
79055
149957
118365
20101
43989
85926
153866
88022
102361
91648
159478
145929
89531
143619
111922
160492
121957
148164
19368
34841
137350
91222
75372
95237
73364
40686
102755
88193
15163
68858
96594
34406
139047
93533
95451
9519
35269
144170
12017
94528
60706
7997
67356
62033
66140
6012
43309
126420
86889
95579
67008
76854
89760
93173
95566
8125
122016
7225
64637
125896
82267
23784
125248
121856
103630
107517
3755
20681
52403
63533
57153
116777
111301
90749
13632
109983
34665
77094
25599
133687
97443
134480
140285
81261
157644
5561
122430
81838
79527
9459
71248
107752
100410
36687
70568
32625
107228
10395
56678
55557
126530
130521
63460
97500
60040
51485
66333
106532
91173
156639
32128
115274
83179
7360
12748
35647
145483
22740
58965
97044
433
134180
115282
73460
121808
66310
75267
648
73922
67119
91726
17417
34920
78953
145212
115797
156167
91080
77057
99790
33639
62338
98779
4270
157447
105359
142166
77137
94349
55904
8202
46762
141947
8183
4277
52752
13380
126799
119234
91564
14579
85014
32203
136627
36058
4221
85589
62949
71155
9079
150785
12522
5648
93757
48361
43385
115009
42665
51521
41430
67345
100856
32151
26849
101714
96883
26773
63028
22860
111135
18658
42257
126392
62587
7956
21835
114543
10176
150068
37498
33901
76340
153513
50398
51027
104106
10515
160724
157275
5199
26206
23185
48231
110173
119812
61839
160812
88900
78799
80332
150728
103633
34341
22188
8066
37181
12547
4530
122134
141709
96815
108133
32535
75886
4334
22343
156705
40794
81698
80036
105353
85552
82565
46454
130810
13275
80437
106621
159686
80713
119698
43879
13839
82381
8385
19293
22772
2843
121056
36835
65671
92859
14652
4796
24478
46165
131599
125003
46118
26408
139187
45095
150932
104497
81215
23102
12261
96384
39075
4092
21595
47706
39774
29066
33642
138338
125280
92104
68699
25924
3051
122428
143025
93326
88428
115842
67419
38120
32077
136492
130549
7119
96871
12378
148316
150304
10772
85362
33407
72263
73668
59978
102478
48761
10486
56956
81222
109035
24867
82405
160015
29032
30772
134771
2226
59786
16823
121365
141395
156942
113490
91822
81496
54282
68173
153037
85019
104347
151423
25014
31455
10836
112329
3172
76031
37234
37339
66445
123942
140540
65961
74498
58036
7010
61368
19432
110646
37739
111288
40079
150489
75704
97273
73453
84846
132487
153281
47927
108649
109912
32246
58538
37467
33049
59899
145619
156962
55813
74842
125462
14668
60819
71969
9296
24128
122706
120158
11264
147566
64133
152638
134906
133578
23176
147699
95427
104807
82598
131845
47064
158309
159668
121704
37886
124213
79700
67368
103684
98947
60953
125540
62993
108685
110507
18963
107445
26598
105008
32752
151607
73863
13435
72972
91790
73355
92703
130996
42349
88576
128223
54120
118944
28112
50020
125041
148108
98722
75511
83861
28622
110800
91766
42185
29418
120979
82007
3382
152631
160042
20527
28657
711
25885
138625
98579
53602
17546
62075
476
85539
35966
117800
136015
48777
114184
130684
75537
147247
129493
41461
135172
15640
60479
19939
113494
129759
27891
137851
77144
7298
61909
103402
43983
146292
51225
64057
146772
24528
46232
97272
100910
12357
20623
67747
10101
104517
32787
83239
42338
71726
136083
111187
75134
16091
129798
146596
19121
90293
70116
115567
132491
160893
40161
722
48835
73350
75000
1864
130544
103875
65642
73257
92356
77221
52435
35350
151511
20640
109639
55325
8742
87415
81364
159808
46572
28351
89543
58508
112440
88128
56207
84670
66361
50518
154673
31579
57397
58323
112500
34229
101462
2107
13406
30632
113366
1043
63854
141782
61157
43949
117061
15847
35943
111291
2685
104450
54422
23672
122281
52926
41820
6780
118245
18174
105119
118167
58467
17125
156039
142336
22147
79524
44238
95239
50774
37186
81267
6348
121726
13364
2120
41211
73609
94465
93195
156768
160636
90701
1810
110563
12727
77332
11524
80703
2881
108711
22085
108647
146135
157164
17214
10293
123043
78469
75278
118386
4099
21604
151735
3811
156679
90612
124414
37140
51835
119122
27634
57322
12314
133837
108084
160290
85368
33426
60486
93413
150836
111498
100066
23645
148187
100874
132357
107302
69139
50878
122263
67303
17400
99795
81002
18916
156655
18274
39016
70669
4006
34304
24079
112845
5913
140539
43736
98086
8313
86115
96631
78631
102683
134069
53038
158089
14381
116197
38579
61697
87190
27305
38204
14717
26984
100485
78780
102947
92359
132550
15337
18358
12024
73455
160447
92233
18221
93373
115788
157107
40584
125849
81799
21980
95823
126069
140464
141315
86625
121901
66823
46261
81791
1939
67339
747
147627
37211
33036
7761
102986
9303
142512
76488
66085
129790
74454
94941
69038
64107
97413
13357
78392
29146
142540
76620
66637
117031
44183
94501
18884
107014
149843
100779
144818
56923
32460
136935
148427
18850
103305
71297
87537
113901
78028
120812
64158
82507
112449
111855
69285
94466
121047
46217
3722
737
49034
104800
52852
110457
107202
51811
145697
102241
119761
61951
21601
124262
146168
83493
148840
151315
57816
81048
146494
91676
57686
76226
130363
129722
114664
98501
51244
43417
95550
151733
116669
55055
91887
22230
150372
103411
148513
43240
43731
144109
82228
130793
108090
115703
77435
13750
127406
147502
147535
4214
117831
98672
125555
16
139043
13020
11224
54346
111634
44670
113637
25008
62636
112781
56518
155418
34797
4699
45259
19712
152734
111486
44427
151946
20213
104760
111884
77087
7401
65003
44881
41614
83744
156134
13089
81284
20078
49521
85453
78994
103345
56327
155682
51420
146519
135626
26122
56184
113002
74467
467
22425
39588
85719
119843
139121
69298
51350
120988
79529
23293
45929
1202
120038
143753
77685
38271
143261
2681
49926
63484
104231
128657
5436
40422
74252
78409
72603
107498
3600
15549
158598
136497
73450
84134
4279
38317
17436
61284
96734
57381
119306
62812
121573
142628
9715
102158
131436
131619
35780
85695
139131
84613
106040
127538
23588
115734
52991
92212
124457
16278
91114
35229
80113
39686
51471
47595
152267
123348
54084
87470
142348
4181
21837
76770
147590
739
52107
12008
26674
90929
93746
37198
85831
139512
11364
77222
100000
41335
16206
33823
160558
101163
44615
109350
27303
93414
93615
157823
21171
149328
38141
66875
140288
149431
70165
151666
160568
7268
51072
74275
63010
18977
127223
51818
16329
90600
148549
4780
71576
153644
77818
9127
27792
58401
78583
11033
100929
144368
67079
94713
99695
151909
38502
94585
84353
146407
159434
103181
90953
79739
14398
147690
118991
14282
131554
96231
124859
147119
5826
115825
21631
48913
61197
68712
129726
12966
41623
139041
10216
2006
43302
1945
75331
96658
17568
144532
83673
67965
60465
85487
119333
121033
10839
39871
29641
107319
151100
153878
151727
80919
53327
12740
16106
90438
140512
61968
9554
77373
87613
12619
57615
5685
32945
147742
41468
24774
46592
12141
8469
147230
46272
149093
114833
96185
38919
158812
20546
132698
142668
71630
119458
66248
50135
103515
68845
99970
123367
104041
149911
9684
151260
14806
147475
111823
83333
64854
144088
82132
20223
27035
27304
11389
67380
73478
99979
161384
3584
26464
45128
35424
108676
12846
64340
7204
138613
14589
48276
152256
148264
6675
42593
56129
152461
110203
68870
45008
48642
49514
65252
84227
132169
50655
85711
34462
50098
152646
38436
83725
28294
126862
124091
157351
63714
52199
17588
113215
44640
121005
140826
143244
7542
106820
132632
97457
122058
66821
38328
149157
6326
55952
122101
142551
10582
57407
87822
10
136281
9470
18003
31380
68337
60268
95346
58400
136261
91458
98335
94416
159920
86263
73928
160517
83819
86003
108884
12420
89821
99900
142117
102005
47080
5722
44592
41330
73840
142919
36207
114268
151671
11845
111250
104256
109842
14549
119840
146328
61933
29658
160835
71234
150941
109344
143300
100250
80546
16746
57429
121100
75410
82389
74376
74073
33826
10764
152781
106555
87901
41752
75323
78042
94737
34627
137262
123651
117110
134775
115186
38129
143119
77940
159186
104782
24244
127796
125970
82879
3162
102716
32890
36740
8181
111482
125238
75980
42074
102020
78688
16319
12384
3889
143803
22165
59315
103417
73164
7068
90553
73390
92774
132354
3532
50153
23828
114818
131578
153832
129414
1061
95788
75257
135847
60613
125871
159264
42042
54145
150032
114068
118537
141781
92745
102817
68180
32497
121580
88566
130971
82226
23604
44916
17367
31680
57559
34300
98475
117056
129857
48059
61571
149815
9359
30865
49460
48577
18500
104069
78968
32794
18666
120882
140663
80920
73218
159968
161526
92036
153114
61359
95609
143591
80536
13409
81179
83388
40615
87559
5579
103485
99808
90955
76555
102093
103917
149360
128580
127483
120647
124276
116059
82281
23854
67758
155982
154498
127226
67027
76910
136532
150234
42411
79474
66115
115098
3799
106702
82059
14825
155518
70738
116499
24238
4811
128182
19058
23943
113934
61645
5574
103943
121456
8365
18206
154225
4753
6729
118105
58294
139765
95170
14790
83127
67518
59588
126906
92436
108314
17184
24847
13812
82260
151408
111370
44195
145972
18548
14971
36283
103891
20860
56115
9730
98470
36604
65323
34729
50811
104859
82852
131449
55637
32935
97946
75448
156111
37805
108273
101867
21768
13807
82253
23726
67878
11751
22897
75101
27218
127511
120958
118278
37032
133510
139419
141542
8402
116168
157300
47193
74235
19942
54981
94551
41959
16287
90192
109160
37106
111577
127197
69741
60052
95626
107278
91585
151247
131628
137678
107845
14640
85250
118716
59813
41108
112136
31035
56437
86549
37045
101774
8634
77349
146317
156578
108922
22732
35565
76878
99421
15305
89959
153452
101767
116208
6346
117117
8980
18975
40333
145393
8264
100233
17128
92806
97041
57790
23124
93262
128075
139065
80244
99313
117546
157947
57077
59362
123736
61966
113513
128635
17792
110540
75314
90999
149050
159536
79957
105519
17223
161499
59555
161118
109393
5622
29655
74001
142664
100526
70494
12872
157801
28243
155313
96644
25712
151239
7562
118618
48912
102613
47851
115481
77826
2542
38268
68025
112722
108699
154033
115923
137988
108519
77300
104437
33541
60700
18584
72112
94638
42099
37945
152302
158665
27778
62094
93084
39204
124779
72068
94185
9898
130998
82424
128038
51240
34817
3594
26759
115632
20483
28306
52094
19423
142392
39291
69983
1701
29664
16202
21805
30009
159396
78543
102524
158986
10491
32267
4391
31365
57446
45358
77131
157193
21429
119834
115253
132122
76740
6396
46162
148841
82429
106908
43694
130332
53060
124674
73353
33224
51980
159074
90420
86396
36494
123815
142033
133051
139877
75610
141598
16038
22210
26739
60947
130522
103831
29868
74826
129645
109944
85603
61690
98250
71944
106268
13197
151235
45998
7379
98571
130771
68163
74726
24766
19207
138779
5473
14570
84982
3489
108972
127122
7742
140742
119405
160692
7651
71897
96513
35516
43603
73003
124230
59286
111998
127671
77338
7659
63314
475
15969
75480
96944
101442
50608
2583
15345
87629
92316
126227
161026
102665
23719
154882
118299
125114
74765
115451
52419
56912
96349
4276
48738
44192
114358
19456
143722
20351
100289
64684
53057
22177
103895
148724
98474
37458
102549
26402
26979
22997
247
26002
22844
97058
31580
92961
143988
142001
38955
65332
77519
91477
66117
149425
161562
161419
160462
91478
67753
106368
55915
51756
64131
156856
61060
109057
81589
79792
14533
75021
43319
5528
80730
26614
63427
75544
143690
100428
38560
96767
121401
117803
107765
122265
67306
52788
85531
126388
142328
109495
136007
61885
13054
78959
160078
154179
68394
106724
92361
102501
74834
142435
77596
40182
90159
143431
2008
60059
121707
45215
16187
43184
113960
55302
54673
71881
13352
125160
75137
2310
13927
110095
138617
104367
126134
63885
99515
142707
26492
152905
90509
146366
90506
100798
15329
100406
7943
145587
109349
44483
76396
79182
114789
26923
130699
121966
744
17258
142960
77773
125186
108250
40645
16255
146279
119315
98821
57887
61297
72130
149942
139912
87129
15920
151375
127637
23033
43520
93006
38981
102409
147116
8907
18212
142954
80030
15186
124306
95841
98419
49184
109046
24910
16866
88851
143071
56451
140477
65219
7873
69819
74520
49512
70005
4580
141774
2286
23345
44548
87290
90510
91296
5721
88470
136853
103813
29167
96678
107504
109382
114322
9801
123917
68464
86064
100514
104586
40360
120405
101648
14572
143759
26625
109538
27558
80183
15653
89588
81530
30815
96443
2985
102125
129718
67600
9343
86699
108807
85179
48569
6948
148418
156397
24165
45801
43808
161491
97951
88587
69144
24277
158782
70708
99813
11344
76898
6699
117993
10845
132437
89285
56703
30528
87896
118566
16927
117663
102805
81029
19045
74974
155219
11087
149895
47581
3309
19299
21466
19503
138053
78077
50179
1395
17615
14647
99194
137342
39977
71375
87734
75468
14819
85931
35035
11919
11630
84993
15639
56993
32313
122270
113233
47890
100650
49714
130610
133521
66302
71088
27856
3223
17904
73773
106474
42898
52245
98228
25608
109742
94328
160071
54287
106008
100921
45645
113882
93342
56853
89909
63675
62554
27573
125807
70881
82639
112673
108974
151757
39920
107472
17151
134953
43101
31993
118069
290
96756
18139
39522
77403
7871
101792
73635
69425
70077
132270
40389
48566
103921
149397
100067
97543
21697
21230
86839
128798
10965
86675
66706
7781
35940
140676
136559
121716
66055
32081
22833
147717
33168
72647
160691
4640
111730
121715
107545
43709
75115
88420
93296
88417
17121
38057
153385
80356
137571
27111
156938
125329
127495
159885
38022
150028
6580
95934
99336
137990
142820
49620
63337
120814
70227
84286
109616
107561
149463
61864
87362
145415
8870
28119
54280
66316
4308
79251
33241
121320
141344
45049
161537
154839
118186
23991
45526
140481
6687
150722
40284
30624
128166
51665
99672
124903
10653
120869
121858
85447
28493
1976
97167
20370
131494
72261
120750
12007
150990
143967
48496
150378
99564
52207
58651
15622
52635
47002
8182
146462
120779
119524
5609
77653
150717
4890
24860
120799
134798
107859
137993
33091
74190
93116
63012
41271
124290
61108
100617
105863
88054
42559
80216
1319
41801
148337
157410
45502
22471
121550
100278
87399
13080
20440
1770
159325
87434
109827
103086
32323
58682
30108
16967
17319
41930
76605
128846
14886
140383
10995
131250
80011
90758
103256
72329
143713
89529
150631
48535
9822
64196
72847
159545
15167
9871
120302
63065
142319
111864
11876
129096
40040
99713
72586
146195
62592
54521
157706
78215
10122
115397
48963
138106
67625
96931
55742
23629
44941
65822
96531
15985
68358
80038
38552
82947
25784
21920
78210
102010
49804
11242
141643
96047
74133
94324
57872
109400
51318
89665
72034
119444
61357
107328
1704
101852
50747
15009
159906
125068
74435
20333
114629
141981
138624
125931
76856
103390
82699
82187
107094
118632
22803
65840
142560
107695
91522
59971
41521
147342
131228
66440
125996
43511
45282
6541
160750
161503
93914
53679
126995
143037
126889
145266
150230
160369
155406
34774
60942
143160
113463
51766
117794
73646
93261
28398
133715
55975
706
62821
67286
82107
2242
17460
78839
103082
144008
81920
110912
137465
41740
75290
160822
79546
13002
41865
148678
40635
102643
91543
52218
110613
80836
87133
126614
90878
153411
26191
115535
52584
138879
122080
66876
90012
65510
72531
51030
160556
10992
39183
23056
150140
146122
99435
117960
144565
92764
85643
155728
63851
161265
19569
111243
148986
2668
158173
93766
148025
28615
134992
27215
90793
148262
137939
149739
24972
98435
60862
79934
49409
101379
43095
156898
41681
95829
41467
50114
143507
52572
57900
40756
6205
113509
50679
106994
88861
36306
108823
21332
74226
27821
92905
54665
15530
111665
22183
144337
95796
108998
46361
88788
33742
13552
28992
42463
82716
109589
53302
17227
107449
2726
36907
2436
91687
93301
35644
8663
109115
17222
38643
143631
119947
62363
111918
31385
156605
70821
141225
16337
102660
101796
89384
126603
11709
70427
35492
113651
132402
7803
5745
119905
6595
157976
87907
12117
2899
34948
3672
20472
114722
151730
22842
35121
61868
113020
23696
45067
26859
90252
69620
62460
158131
137228
51265
95903
159852
57932
86561
143161
26943
129311
139608
98950
54016
125050
1042
6631
90147
1368
110045
38094
74510
589
157703
152884
156211
70839
101039
129584
124099
70734
34734
128153
15433
136894
61303
125783
80880
119653
159781
104756
138522
100255
64216
137037
122789
107041
20541
96864
108394
153840
28180
140335
131512
139062
74196
61225
88766
93983
42286
69264
28871
9233
44020
7057
120438
98014
36176
104761
122529
90469
45778
95412
148020
96399
118570
76943
78728
102841
24830
28105
19314
20937
5747
67589
78120
101862
123285
146359
78178
10036
161167
99797
104797
141446
83811
892
43527
13887
10855
103997
75849
28609
52525
157572
140754
96646
26139
90435
156220
13155
123704
133268
21944
133076
55158
158075
41414
116572
89697
86693
86874
134778
140225
120631
28282
90317
88522
136206
155239
34139
9512
150900
144737
84429
19906
20055
150731
75015
37284
66372
56851
68031
26811
101754
65839
8235
7889
10038
153704
90631
143685
104819
3670
58999
122794
143609
138763
67426
92755
54450
113588
58839
38216
67949
42927
105805
156803
61215
51532
133949
112291
98256
92981
98295
117109
39199
89427
114260
49981
107170
89484
91663
24351
69998
115002
65872
65917
90183
110027
7161
127085
103167
83917
115658
105778
107263
152672
131920
79499
104655
4622
111691
53524
31512
119051
60478
129950
123864
156190
113089
120074
1114
6955
73322
14875
155617
141236
119235
111037
106568
135703
148217
107769
54063
17028
127942
55716
109995
91071
5752
161077
7620
132690
32581
3433
135263
111847
55844
63335
59675
47822
80926
145686
157096
86710
122072
102874
108795
111979
84960
153612
99986
74029
148923
88341
126902
114953
36219
64028
122117
6581
30785
152448
50328
61678
142477
125725
151571
132281
21205
33208
19607
23155
126662
91175
143534
22632
40843
24689
41251
10717
131960
71915
89238
134354
159129
3736
107575
100690
20017
121739
72159
83649
69492
59214
24235
23729
144284
79267
98653
59486
121545
157175
24311
100606
65701
109305
129563
21169
104430
114584
115196
145283
86716
129928
53048
52017
2975
114176
110102
112242
130142
56409
51553
16411
113804
151559
148647
15681
88978
121642
46600
116260
23037
74336
108534
3344
138994
71416
160790
4286
105996
161452
147740
7732
11924
98249
85851
120097
62605
144839
131968
69319
29536
73246
57634
62107
50377
11784
86626
75588
51211
140301
63087
58291
147413
18271
43509
101897
93059
21637
102319
92663
21960
156864
114859
105913
51678
29893
54533
10955
143455
97530
67802
75689
147550
50866
87370
52165
81965
111038
14295
154139
100346
79076
103527
28311
52102
122635
41019
35211
63128
152861
77561
33754
62370
2607
150448
157340
124971
158475
66513
112727
159755
18036
68859
108079
49121
106003
39961
10339
115732
152694
156334
8019
26857
16124
157309
145625
35567
77995
118806
137771
121324
65216
79329
145458
74380
107315
102358
158103
56039
78517
58932
19402
7205
89207
17085
13353
126827
156329
71788
7260
38570
111039
124253
146153
105565
72812
91526
91530
151056
13978
153232
47668
128676
66374
96538
149429
19327
109900
58417
3109
21019
129484
148356
38206
66084
19639
100634
122806
145083
94023
66776
158270
12567
3146
6239
66228
4320
22310
59850
20105
89793
142262
131276
13745
59836
60057
22988
153820
28146
68912
73422
133150
83675
115130
154313
18142
107680
22500
73359
111754
44906
52116
145946
51155
106894
125591
28405
52240
132043
17862
4992
25332
127957
94194
115079
113287
10085
85874
75558
14005
153335
113427
123351
43742
68058
71748
35027
56774
30909
159716
147175
58541
16946
90231
144106
142749
80319
142158
74284
81651
85059
32389
131664
160842
89073
32746
135004
14110
81892
128370
104651
152533
103797
98661
85411
60692
37956
124247
146436
113560
9600
160945
157955
57102
69854
153585
12766
100652
89300
110738
86315
7827
140871
80029
24029
127747
158636
37425
66585
18333
84530
64052
149570
24035
156666
160323
8064
63670
18207
126429
68606
147891
90473
54972
143323
126716
14027
129827
70631
69857
153588
88896
134408
131662
78276
46296
142437
104392
151711
55958
27862
106435
126928
41736
100640
88802
132463
18538
142034
102021
53963
40936
105885
35596
123312
27329
129426
8583
83845
161055
42960
153927
159145
29353
159230
7107
33557
80452
73479
5262
145251
74916
1697
99148
145857
157342
105117
33962
83651
161336
29878
132047
278
3007
8261
79887
105402
34560
107341
34643
118056
70013
68412
25382
63122
158268
36960
65867
18078
34722
123060
139602
15406
156874
127776
13311
115257
38513
106988
81219
128490
44908
149760
101208
150156
93936
42323
2329
34727
19680
63313
5275
22517
55663
26922
97227
24145
45754
75098
20833
54486
86910
122644
106161
90554
157337
79402
38532
91446
74565
141205
98231
25648
101031
41224
136838
154978
32883
126601
39842
134770
76476
45571
121197
64956
150763
57315
99479
110797
75078
2080
22320
123175
55488
122905
121776
51814
148222
141894
147633
66292
2644
99473
6556
126113
29085
124783
106402
69605
158901
93970
89654
97026
23691
45060
95904
2931
107370
2247
85906
78438
124969
150787
132784
26350
24963
128597
6797
110216
21539
34789
35170
63043
139401
22485
121202
123828
130565
146301
100156
13030
149414
41231
18348
104921
26543
74643
317
12264
75266
78637
158778
121019
137422
132025
36759
105355
94168
102230
19633
61644
116753
99301
66354
307
147423
93041
23494
11363
57298
51979
139231
118760
59904
108493
153270
25628
6727
115047
144955
21085
32458
101466
24299
116522
41128
13119
122539
30781
99084
103479
159684
81479
7064
33473
138122
147236
40847
40688
94964
52445
80104
132568
22891
77514
128606
108924
47879
96973
91409
156904
41780
142237
97526
51432
12284
46660
13371
160702
10936
129813
157762
121815
75994
34174
119367
97527
120657
102372
108288
106814
155275
110288
120380
9867
77041
135457
15565
50792
15103
64745
69003
119218
16494
35807
140516
112325
115402
86712
37606
14505
76206
98315
74248
91044
149140
6712
58125
141046
160361
159055
3864
75470
19643
111612
44638
88774
115707
33977
144049
17547
57469
18782
106055
38011
142973
102044
108889
115888
132631
117759
47034
68651
111017
158094
138437
43778
7935
65237
151153
20097
125456
49229
155040
45335
2926
68294
36973
61439
27961
131888
161386
68717
59641
72435
38024
142242
155931
121519
146807
9016
42022
33192
17
116582
88551
31868
35974
49152
11715
144886
32429
10693
65491
82236
12629
72346
49076
148781
136795
37922
66201
26158
47921
7259
92718
82609
123860
18750
15642
157548
109686
133989
24673
68876
55351
59302
158247
83022
6389
150147
20033
48186
40838
74543
97092
97094
98480
54013
3453
127876
93796
15139
149724
37420
77014
38972
69314
134133
119570
130700
157110
123541
111868
125167
85591
131850
143811
152046
62316
153752
115113
27100
17561
104158
81954
104588
65495
9586
21400
28319
130321
150337
148666
156885
4916
95847
10524
126467
110223
67479
146140
120641
8295
121683
29372
78297
79346
153046
100703
40859
2585
82400
68610
97720
101504
107297
76111
14633
77927
95969
36908
97668
155269
39065
158203
75288
126316
123700
127227
156545
123827
72442
61902
104073
150101
26599
98276
45143
54561
146965
59565
124480
75856
24820
15956
152705
43564
82271
39323
20010
116422
36548
140948
68997
81258
146281
124174
85886
2050
96062
45226
158927
19321
32123
82278
35689
62896
58423
49261
12094
150683
76272
125344
6825
29253
148862
121601
95531
79004
127780
43900
92057
114278
75321
94831
96592
38
417
131088
97003
17826
86980
111829
10032
98981
58448
51078
122580
71278
1062
136896
122531
132691
22493
39985
71389
68455
60331
34922
95984
107739
157918
135528
32045
3681
138752
146674
8535
42420
93903
158387
140731
142703
77307
121596
16795
29565
60968
127529
7735
132064
55377
30319
157921
118143
58394
37147
89198
54229
150019
127463
95258
106075
10535
147749
22916
94880
13509
33667
60045
73046
125846
21792
107537
107588
41208
103439
73400
92789
55810
41384
161541
85628
129510
26602
159178
76712
6337
126523
5523
21751
59930
106352
23346
91899
109935
149494
7847
87433
9832
129704
101443
79357
104313
155278
119644
52556
102556
39405
2111
135755
147819
76737
74824
8161
37726
121071
52589
58886
91954
142987
40472
68092
132589
101234
128118
136446
121450
40881
80621
17748
69239
71735
81077
1260
21840
80639
17171
24708
45311
104046
78049
71409
55737
2875
31722
137036
38604
111942
50061
46783
89174
115635
22035
37597
52734
147441
158594
104039
136905
100663
31846
26324
151667
16807
14274
154103
49765
10124
107712
145144
77224
7437
49553
148685
88590
700
25429
126591
27048
144
126038
27684
117396
13834
36364
89856
57179
24754
21165
59
112514
78380
136861
119974
4734
11921
58413
66205
107437
35991
148114
96728
130742
3696
120096
90807
97315
79736
14382
84484
116973
78914
100589
14923
120893
32185
58426
16980
139701
31720
18507
150244
159771
45697
268
151021
121653
95740
23850
15002
99735
39864
108955
102151
13025
78775
102936
76551
6250
158977
85065
118295
50621
89880
121994
142339
121034
140866
72424
23618
66683
148482
157603
2028
102810
40852
123156
69440
74300
56587
30035
65424
104530
136262
52111
78985
88159
126119
134539
18419
76906
14001
82931
133
40448
72189
143642
160048
87098
69361
3101
107894
66978
96054
88017
42331
73311
160185
40124
21985
125727
80410
138637
21771
60576
29360
105570
86517
140531
14840
125771
77745
80457
20235
15043
121535
24129
55446
26465
148762
161316
3947
83689
159642
90527
131365
123395
22567
40562
101916
69041
81332
29160
123294
92109
38839
51387
17282
107250
72979
81413
115960
63088
58358
141922
42884
89992
144874
90791
50493
93578
124870
97796
25552
419
52
22903
77754
75010
95915
89930
64086
65865
100625
74762
66810
76267
152902
36950
119355
119448
150744
56280
132272
135762
101606
22690
73307
144189
146414
42913
93980
72302
12504
45553
82145
23856
136076
143060
110497
67495
64186
138039
38093
129883
143829
106652
120761
113605
84281
133854
33859
71982
23239
124083
150114
30950
18989
5233
48873
96049
82352
112172
24593
128245
106571
11585
44128
59497
40200
157780
152582
127053
137901
41997
68994
5089
129494
94483
142225
100086
43609
157627
52226
100002
120108
32824
155687
106325
8833
146875
130809
74403
37101
29763
132418
8831
22786
124938
111437
77928
9420
143765
80075
130400
65098
67784
45748
157099
43286
106336
158752
145153
155730
35923
59961
74155
27617
50992
143608
138378
153567
111365
94167
113886
11523
42641
132667
151888
120536
92866
35467
88143
40850
61098
45871
93085
90444
93641
89298
73587
113662
140820
67998
98703
35264
79320
91818
122259
107134
29318
79015
25697
48778
7420
120493
7355
157756
99362
113480
37946
55677
110780
40817
130799
71675
42341
81028
107985
125732
80453
23482
80903
20767
134366
74102
82840
79476
13588
34319
32628
108417
120279
94108
76320
6616
93587
75374
111041
65871
146041
37875
90118
77746
2615
46427
11074
31708
58268
90296
96268
280
100391
150392
4870
112551
64409
89698
157390
49856
94733
40440
91838
118393
59049
68791
77957
31798
69399
45622
36648
12955
101262
156941
115207
96808
151988
14085
83250
26719
147772
35571
80361
35717
40618
56240
41091
73409
83933
141992
138257
43051
6339
12501
76389
99720
145090
13067
11972
107573
140903
14839
110991
59510
32775
145497
31855
148104
12898
134201
119971
139305
70683
112271
9154
61935
90686
28024
51688
23106
44319
22733
91461
160309
99
55962
73659
32380
58765
28977
120304
47007
94610
144897
85540
120644
18070
112179
13235
15450
125738
151620
116520
71525
17517
116441
114297
38720
61105
160342
96947
42340
150715
895
12323
79699
67898
47354
122765
121814
99536
148473
8956
148336
153330
113397
108439
156562
137094
67015
57867
75227
9437
2302
80390
159179
76721
56585
81654
23225
44392
80068
15310
24733
15455
136442
147029
75050
69437
6266
18535
28485
32790
156975
67004
12753
59589
79987
61538
41528
74208
46821
27645
143311
119911
103391
42562
11
16821
88172
118011
40570
67001
103715
134947
28721
132516
38702
18974
104002
101127
101171
125316
134957
78973
125166
159515
49658
138506
50194
138581
61243
58808
122515
143130
159348
134068
23199
31746
10662
58070
36163
142807
74447
8759
33126
50446
124737
13103
87895
111309
89815
85994
80261
66167
21607
69972
4618
87701
46159
41678
94727
7872
139632
56399
115920
106042
88822
111517
48624
110592
8339
44091
68041
122685
104459
1910
29396
37230
116968
134542
51188
143704
66357
157291
148776
161168
61467
16897
160856
12409
75829
97546
64348
87540
72207
52453
134347
26397
45251
113860
96696
94708
161555
98370
99486
88461
4551
98827
82962
150821
54876
74584
58463
158405
19454
26376
25610
47845
29229
58609
77022
17027
150303
10759
72734
107820
42712
81821
148476
47669
90199
15593
112188
45813
95750
152022
7156
43130
92878
50299
45249
90927
152164
80381
16219
159111
129345
8297
6755
147840
1743
74737
1178
109934
35110
86842
93938
148960
18981
24491
151482
135497
143948
96228
129862
15348
134498
117076
17788
4177
110461
37157
3215
59089
80652
115560
134082
61452
72266
86036
35379
143157
2499
63440
51169
53970
22664
136775
67367
76665
100456
66211
95838
79021
89496
22767
35956
12457
86524
25733
9020
72184
102232
117055
55930
123883
73890
158266
8420
144288
125128
10115
142993
13340
2777
60229
83093
159866
48073
65371
101306
125951
25178
128849
103021
79821
81372
93778
11343
157349
11313
76383
62072
18751
157579
88467
138348
135891
138855
47228
52717
95737
18179
101167
93792
90887
98211
136229
35609
87618
32072
159288
153405
158342
5150
124955
147258
64191
55181
15899
40411
72123
106415
15819
2287
103397
63721
134703
140247
149552
129884
6887
31667
138677
131419
19261
27644
131485
64719
26029
132441
82212
23569
70947
17074
63244
89589
98117
9278
140354
22566
145315
10933
158862
159858
18923
17362
6569
19864
42943
91155
14331
54785
49251
38408
37550
82017
99182
124242
102315
32470
129516
70932
8282
7969
90883
49010
11829
74279
161563
161481
93617
157825
121453
65526
126731
109894
106727
85006
233
74904
38810
143826
94567
72749
91369
23117
146330
15582
12038
81080
94643
57682
62883
56830
117665
511
96877
76832
99366
142169
105331
141968
147798
155423
40055
111527
44500
151016
100270
123323
5318
26713
123366
69989
110782
108014
111198
41887
27947
62800
27666
135728
106580
91490
151200
154869
33107
145630
59489
17718
18490
2698
16076
48600
44710
125439
18306
11351
138198
97816
150580
147799
8724
51267
2932
128586
19541
95581
65068
70373
84820
87267
115918
159107
63477
101530
39728
70877
132602
47482
141062
82632
24889
94246
145762
29954
130374
40116
142789
75297
156714
18462
50079
106473
94230
35536
46975
159408
92107
153187
100348
119268
158905
74219
133648
96881
158980
161161
3675
28329
121155
153256
27720
131537
121394
44901
77121
157086
131667
131414
105835
78682
122299
86037
90269
69883
83372
17737
37144
54396
64006
22467
69052
47022
19963
45879
3103
91
31033
12367
46343
101910
107612
98516
95425
7257
46375
87512
9670
108500
47962
61505
129576
149758
153615
157610
97848
87155
17497
98296
19150
87964
149312
11857
12944
78376
10456
135936
12622
6651
129643
89225
84426
83671
51865
149987
102562
124726
51237
106383
78223
10135
122220
104342
47210
6319
115793
135662
116343
73987
102466
4146
83224
158713
27801
75284
56195
42725
39236
49073
142020
121660
63098
28204
122056
26718
49475
78451
10617
102970
28751
22170
74159
93089
69936
153693
89805
149014
69957
12828
99116
156948
42056
36323
64911
63004
70799
86065
74964
102243
117278
82836
160404
119266
138383
121064
160518
51017
33691
137715
151652
138669
48964
98776
46268
146993
18082
79122
12376
75728
59999
72287
26507
110220
123803
22713
124713
20643
70261
53484
37776
6689
143563
121641
150013
121264
18508
150716
76695
148464
16540
74229
123057
96998
120974
132511
111952
14400
154431
47032
122459
10739
25121
58707
65398
106751
20228
58784
47244
161005
101078
37180
52698
66368
44421
62806
94746
103350
158025
13425
80994
73522
140790
35826
140537
103789
5490
72472
113579
5539
111916
69116
20966
31520
67545
136907
38230
143209
17309
26208
24167
98638
2857
124160
99830
23324
44514
147760
81497
89193
97428
23003
126179
140688
16988
129312
27170
122840
96911
45891
95762
48760
136539
18679
159394
118576
59532
872
78081
32796
71599
126684
8947
108879
21933
121672
65982
122059
95925
66159
53151
9977
9781
27096
139391
10290
68895
159133
116309
81426
115311
52220
147631
96799
97603
71444
88772
81771
65561
42973
92162
101912
80976
18763
86059
11696
110749
27196
150429
102463
148716
57460
159096
160380
30985
96894
108732
146590
145881
52029
102744
63133
122034
66770
76917
142774
155001
148886
1282
13223
80018
8159
1884
88630
68250
79772
21391
122370
63083
58338
1566
17494
19995
25621
141001
31634
127867
146986
92293
68600
2217
142970
26950
118390
50871
86970
39917
99328
57172
102076
106685
92150
51146
88025
10483
135533
118095
151162
14448
64952
83165
31747
99802
57942
157689
64740
19718
68518
89386
76097
4888
143245
35099
24425
125318
68021
117842
136080
2444
59948
115768
109753
57041
119984
145764
12974
74619
901
28918
119620
98389
11760
87009
156224
143599
93560
108087
114177
12686
97239
138249
38866
161061
145710
70275
154408
117042
55905
140809
14234
46567
61175
47542
59481
40181
133857
16877
133961
3587
87513
74722
64088
13342
91914
23304
24465
146793
85039
32309
139394
93790
137294
39820
145303
42324
117836
58282
157255
100527
150889
104305
151219
109187
46527
125429
59143
2195
15386
23046
99914
78519
39307
77434
107002
93880
128966
155187
8587
26082
10059
49063
155379
62446
44135
111562
159995
83899
126838
19408
46189
3645
144122
94356
92508
117379
54757
116421
20644
102038
64049
99422
83360
100894
80067
141050
82437
119491
150315
93960
69362
116477
11714
70472
88380
103371
37818
11899
6742
34266
45368
124019
105755
101115
4445
122558
146589
22583
124325
122320
67432
111006
40251
11159
4430
8332
125698
94554
24022
45575
16110
34970
73032
37130
141987
124731
87824
146182
122917
107247
124474
159787
24603
70840
51210
5616
46782
18887
38569
142947
63846
119431
12171
140662
1989
71018
91509
93465
3420
22627
88762
52921
9074
38558
71953
43721
90784
21270
26508
116255
99619
16945
136537
36991
141828
95608
122507
158307
32536
137024
138976
1498
90151
132725
105277
105478
63373
157775
151058
1974
70395
84893
45782
35825
80798
76430
89676
58318
121640
100639
42895
77357
111389
126968
94544
58728
137266
106777
160216
31686
78889
103166
53962
66192
18442
125281
76385
11862
92393
101902
29240
61723
160776
29474
73738
89341
77646
150608
49901
10532
104193
103406
91633
8648
75876
18579
62745
134571
130990
17672
144664
47077
116453
19193
85436
86530
147805
132790
115199
24294
127985
8084
66315
117848
155323
66114
10513
120188
28228
89937
31575
30936
64704
103580
74969
95843
102313
118319
58861
126314
145364
86952
143530
110818
41819
122371
90360
70435
85011
96037
21083
66044
74709
152505
21632
86514
141705
10692
9536
127301
96354
120406
59270
67848
11481
51206
144478
60893
156663
40461
82893
7043
78711
102822
141022
144102
113587
45956
126533
71253
87404
8168
110923
56633
151749
107209
50118
147398
155640
88975
3878
96112
37624
143478
90940
132908
65846
144038
111134
156810
17467
83113
19095
108319
56008
51647
133887
3718
118854
43270
143062
92241
14181
28359
106914
146976
82432
148185
7937
121346
33669
87413
40102
67012
43078
31422
28660
159466
96191
3643
109401
50936
112058
45535
71999
39027
69419
52523
62068
93146
17165
7446
45132
96987
3174
7041
153593
83738
9348
58829
38205
143720
10043
132902
109143
113365
58536
37462
55870
149481
6815
103523
100198
18557
58019
120955
140748
142788
151373
120728
105061
29373
80997
34491
76527
109925
152687
22871
125335
31644
82934
114188
147952
152589
74623
6094
116464
27926
98715
87742
18073
118282
136863
66329
148063
94214
89763
127066
94429
23111
126958
67557
101112
37269
106946
11360
149298
52396
101033
57920
136949
25868
69720
150901
104397
34076
146978
47024
115194
132780
107917
65005
28057
66147
160311
137015
88642
4784
121522
145915
32273
43266
86681
136726
82080
132340
115892
154270
116684
90459
145599
136652
110801
29735
133613
28053
48787
115286
59881
8958
132013
95500
120571
5863
41073
8306
68489
78840
4508
10599
42822
137487
134252
68135
83297
87838
155445
12316
75504
123369
58088
121073
23890
113914
160861
148112
3019
81188
89372
32356
87956
149202
8052
155580
12482
98321
705
143731
2419
105171
84663
117384
153572
114210
101405
126235
54706
22817
125027
54269
70279
35373
150710
74562
143258
90602
156793
119371
101569
11547
13385
44698
143177
66196
65719
111808
39786
13122
88624
36874
14119
104971
83548
27717
51977
156412
140056
49518
117687
135486
100407
91467
79204
12623
24099
55359
76734
6381
122168
142659
99859
92974
86682
122019
126936
94428
43334
7763
15281
87326
73957
112445
52723
119196
28656
76043
20505
138935
120384
139948
153914
144794
90494
58786
23142
91716
37311
111344
60994
105012
106816
30787
56047
12822
122896
148049
96541
117148
14278
154108
116119
133301
22030
142417
93457
104618
1742
88866
474
158732
774
27205
7678
76464
102153
56298
73904
145895
56849
159789
79880
26377
32028
124805
53215
17890
139028
150855
22653
40929
20464
28562
139685
135386
16387
40392
14153
51716
118258
90670
1209
29653
96468
146801
145482
77176
99944
119922
139238
110252
70031
41699
149035
6402
47230
6403
59511
114349
140228
35892
142189
241
4077
12534
143671
88746
38991
118078
148740
98508
87052
49860
92882
155664
151980
18649
97382
131852
72820
92403
54288
20851
12266
120271
121409
62163
79716
105095
85223
78995
8208
133867
114134
114786
27705
51136
160982
101170
151775
8633
40101
61581
5688
120379
149730
75863
28833
142063
145776
102499
85568
54383
63793
33670
17867
124722
33751
100928
26295
48854
67487
132150
44100
161132
90361
154827
37925
67474
160509
156103
37752
141848
160177
31395
98718
104642
152510
134580
20011
157347
144951
113295
129468
49325
4873
57389
149569
143107
108601
12774
41226
143644
46385
127175
44448
123923
90975
158884
99999
51263
103486
147158
93857
95205
981
99201
97191
109396
135006
452
3839
9668
8293
53864
107120
94517
16749
31443
138653
2590
158779
145388
65942
80898
72407
23172
81090
129961
57549
112211
54425
127139
151621
117300
106273
86022
120431
102453
67055
6944
157166
45338
21
14161
143065
35355
113446
87229
39458
144800
84645
153719
27775
20871
19362
7289
82167
71317
104353
15742
26388
5503
4186
28591
123054
33970
85274
146437
11833
156509
53397
16331
150562
144613
42788
153062
131527
118832
137794
11928
159275
77945
158971
137451
47704
73040
119089
40863
10275
3177
140208
55431
113354
22546
133082
158858
73100
82767
13885
153032
8472
52886
63112
110452
36479
88352
44186
132788
18971
24966
79246
140675
140838
102220
30460
55536
101086
125106
74729
1164
90593
94154
80835
60725
89936
83496
107424
2550
105667
38927
143981
9229
42944
134467
129765
126740
82563
45734
73395
158517
149256
57744
119760
12079
74192
141993
60868
41472
52177
103904
55877
71894
106017
131138
10644
15263
47874
134462
25623
129356
72906
72281
22162
125144
75002
1871
102944
87367
71243
66259
157569
37896
153751
27795
131601
66899
76477
160698
148511
112922
128940
47254
117638
88751
43945
92455
157168
111530
121079
14683
74506
586
93165
79363
15004
121301
117679
37093
66073
90161
35577
18288
187
96130
104354
116741
153066
75148
17752
71339
54055
22889
149557
33121
147463
94822
154463
30890
117203
147951
9072
68850
4468
139442
100488
142848
49560
156546
36994
27846
22650
17874
90617
369
4531
160671
42357
99162
3145
152983
100240
159637
152024
19424
44981
157622
54410
72737
91356
78650
29419
81124
98134
63690
111136
3370
87589
146230
114688
149337
1802
81721
96252
54628
110150
57349
83058
159836
130289
141613
103549
10334
12761
12574
134632
78027
1206
131924
138495
160075
84217
888
70338
3057
72364
38929
48135
156940
76909
93292
116867
103757
148643
5040
25482
132528
82096
7710
95913
140408
7304
2207
4999
25341
93634
101410
62988
72343
108279
16555
92420
154
28837
110762
125181
81101
151382
156866
146081
19398
135996
34285
138921
127923
51300
157103
79681
69582
71691
22643
87775
124392
65899
144820
84823
45875
28770
66726
17119
39140
121946
17284
1671
105846
79530
104732
23369
88401
56646
77861
34616
55052
47614
18890
133611
127082
120277
21424
91041
108698
68658
101011
33474
16708
132294
39035
56489
50656
157549
30089
54858
1692
69274
16543
29820
1531
88061
42601
80501
89811
10578
158775
71122
129294
156208
122112
91637
80620
74680
1458
80698
141509
110939
39691
32265
136720
47572
129090
41618
100022
135145
87887
96264
105125
149147
6719
130593
34965
75165
116045
9063
124187
124942
98253
129597
9793
146141
104506
76595
70850
118829
154293
158554
57513
39709
104942
35461
41005
111869
78540
155992
10030
53213
8674
5180
1756
80607
161120
107095
148203
30871
3468
66052
17657
147308
17893
5246
4302
22677
7503
133361
83641
115059
51753
37227
49830
112994
49284
77458
23219
127067
18127
40510
108055
160611
93145
123813
90002
133308
107468
83065
153911
91374
36056
63692
62649
120588
44101
16995
75067
2022
161202
45576
47471
152867
127653
113161
50083
91639
55727
7759
97036
11031
95452
161501
79502
85766
1200
99978
125476
78230
19732
111996
157207
44658
133476
23865
45316
50970
138108
104166
14605
85116
118417
100922
40471
2785
92778
85737
34524
65907
3557
153621
114420
57901
88228
37974
67554
95393
7039
1632
77901
13350
40660
101406
126242
119666
112047
139000
77522
54095
5121
145335
150994
94721
52746
1943
78051
118337
29965
21286
156035
115184
8248
79414
860
94738
29835
152226
107129
161548
39533
71807
40732
81148
19613
111419
78600
86801
145934
79373
18562
160703
93549
73041
16372
159599
1360
143569
32084
58275
1973
43566
115750
83618
1588
11825
96239
156513
39782
100940
34413
9865
159592
112497
43887
24220
25314
47390
159409
150427
127094
7779
120883
28620
14218
29764
133651
108030
7009
118879
137868
67718
49544
9729
83040
82560
134384
26540
81169
42793
82631
24892
11308
81185
24075
11023
106381
90366
3719
51247
47922
95973
88188
34337
138987
51692
88303
43928
75653
25119
76718
6347
55194
147192
62164
68592
156893
915
148042
160766
88613
67272
77495
126452
97862
141759
2672
109845
3712
20047
126211
83714
71454
50003
26272
89157
18390
17560
94284
3869
143709
156609
94529
53459
100159
74459
86451
157308
117233
82402
112267
37799
137506
80992
88538
129495
45103
156589
108069
161251
34806
124295
2879
107152
52195
35163
139823
127308
6296
94810
142301
150277
696
5007
47481
112232
45919
101992
23737
38479
108407
80102
37183
80408
108629
55340
103923
82147
23390
96720
14786
98190
12043
139621
2910
107262
33166
11145
19872
134403
29040
53119
34318
121241
154203
23510
38048
119289
44731
86108
100153
91810
52379
61299
150219
10474
88932
147197
86565
71711
47304
64213
75835
72347
36036
78708
118556
56180
115586
52674
31874
2659
121502
65633
46680
63751
67765
23087
62067
131653
16350
10632
52669
63171
96688
63918
42376
12812
130074
74993
138492
112998
74617
130803
81107
73267
25946
122516
8355
132422
103812
150696
103463
105017
141704
48583
53027
95512
55749
120815
26159
122252
67276
63180
10827
112672
152921
45831
34700
66437
126475
114595
50711
75820
62357
136618
64254
76180
55284
26038
40722
146376
91325
150260
13229
105761
105772
124163
145869
29067
53877
36865
149277
7149
33694
90244
29765
22472
159539
8197
101790
122538
143184
12002
57001
81273
74387
19515
130791
110189
34544
128581
26400
68010
79220
99882
75846
85084
58900
145082
85910
120205
89895
152172
92465
30651
151317
65998
100437
36852
95208
7363
119939
81175
19709
153958
94910
9132
136631
121834
80674
68555
248
160103
151903
109044
24906
52944
56909
149672
108875
13369
42728
68106
142899
60645
122925
132404
122482
157069
103055
73038
101339
19756
114270
95736
43962
75890
99821
28840
29431
23258
126608
26489
49098
101390
38101
64379
28584
23088
126859
8238
71965
80717
61859
98749
52726
101802
11353
156572
40078
120658
24270
82890
56442
47705
147429
2192
105149
30821
15825
82814
25385
19094
101666
102041
54483
86778
58837
38214
68411
9859
104479
60928
5016
47526
47651
69137
108131
122609
40800
35342
110142
116931
153920
127819
49618
77023
88859
156248
29024
44700
750
6695
119161
77911
17411
100397
12441
76004
51901
98526
116246
693
25277
107322
102471
144513
129149
2055
49947
121797
142068
78562
102561
9475
34205
61367
104107
121011
103688
138609
632
97970
23954
99700
33231
88961
111969
122733
110120
24046
40559
131678
68510
90567
16394
115452
84885
136810
128922
99227
31062
54568
16553
92411
159632
133998
20171
156644
75445
46677
344
159742
68563
53400
19073
26309
51802
19511
111962
101772
76359
17126
155430
69226
22701
105889
86462
36196
151566
125237
75967
96778
143057
138684
95402
119191
57165
111827
17608
96100
94616
94502
160881
136377
90396
59201
80174
108765
34716
2603
105886
161258
105136
154399
63630
159293
66758
145906
160700
86030
120440
140848
51923
6777
96091
122528
3792
27614
21281
92378
87725
94670
66088
26042
71916
88640
115086
113708
91082
4756
112226
145229
103375
104207
154460
4467
9463
113765
146576
101650
16545
29840
83735
74066
16760
160523
44442
94862
97000
104643
21673
120832
63
77353
141708
159936
83417
81471
156986
79496
63242
157218
62031
45659
26022
71871
156242
71105
84515
28846
79732
18829
159735
37698
131408
125408
110323
110233
78399
32367
137373
18885
107013
90089
89598
124391
146334
57415
22185
122235
97161
140868
51049
142791
10713
58403
68355
15204
87126
123201
83150
26375
45022
15723
13228
80073
26420
142357
76034
112144
12578
109653
43058
19020
160979
158064
79301
147702
12863
67510
92019
113818
107100
3828
56952
32120
141261
85742
40542
85441
117215
25355
42958
83822
151450
106081
40221
55570
118482
135108
121561
36894
38556
61915
48470
50685
161465
43810
13274
128196
58855
29235
93876
135685
117717
117723
84405
99549
28303
52091
61766
129566
95694
150179
41459
25993
122757
154976
150454
56883
31787
108245
90795
52903
98999
88429
17632
15037
1554
9100
79842
29635
86612
101752
148594
95763
72942
751
98447
113638
27793
88215
43576
56673
124302
107540
111010
69070
56331
159086
76126
4969
45015
63723
158477
144557
11400
106797
33038
65292
12052
104405
80716
140060
27894
125608
136341
4614
44709
12613
34018
157767
48688
25726
119217
107331
95961
11443
14512
154680
138242
107619
38030
29832
105303
79575
63727
155452
17956
93546
55107
93086
69866
125057
69510
8134
4194
134494
161155
143963
147527
133102
8258
114841
1731
72419
156968
34827
62578
156240
114214
49874
79249
7883
36383
104677
143680
50062
40500
37050
84393
161546
70030
87428
10013
33351
142017
136290
161281
86138
133649
17583
41060
112820
19754
24102
85489
33777
61101
155624
87802
155380
34671
102721
90906
95184
113005
96879
156138
107135
161540
106126
89235
56557
29898
54537
122878
60255
40626
72484
75313
2853
107025
158688
52458
145411
75669
148519
32938
43503
69359
126929
65876
12562
34981
21852
34919
39863
62890
129846
103990
8592
74736
102766
63480
21939
43205
88585
100932
159030
75416
84380
30273
132677
17610
4688
23776
93422
82325
9999
78758
102893
20703
133925
6184
6996
152591
124637
102725
88319
85813
150948
94289
92159
794
96393
28312
11102
84338
154349
22244
150473
93000
86800
74702
118642
100290
32227
132808
134063
9311
134999
89912
79259
904
6064
29768
138876
103767
69817
114107
129324
98834
132945
151497
43741
5053
40027
143639
116172
67337
114805
51227
124408
129133
72944
30768
134763
28058
67597
48562
28560
52432
145167
152434
19753
112129
127826
15816
827
122262
9782
129030
106266
158263
57484
140041
51108
57841
63478
44554
11809
147419
78167
89136
51075
89035
128902
95844
27640
51040
96518
106673
95697
78300
59442
32635
59172
53495
99945
101600
113767
48011
74323
53083
88248
89012
8914
117941
136251
143624
93508
2122
6925
150801
83628
149365
7432
120119
139490
26964
37260
85833
158939
147620
88946
148348
21331
33933
55560
40731
83655
95041
120521
13041
103138
7411
139390
152528
101352
134209
13657
136104
48968
26040
81989
139747
75389
154700
93461
88720
132703
102849
87484
96312
97133
45839
100097
122890
31601
114132
49666
5028
144589
42751
140529
65874
135448
28424
156859
2614
77007
118842
37154
50657
22280
44089
131116
83952
116611
152900
25720
115245
68694
76270
42040
42963
122567
143799
112416
23125
123830
155176
15767
25786
104692
139604
137180
39239
102424
58182
141440
114772
136036
24693
128324
145378
38781
152026
102264
155306
72315
144606
143481
32065
136475
6747
16689
85878
120144
157808
76354
56428
29316
45418
93707
19617
16510
159969
78675
8249
139338
160594
87288
39622
50192
13564
7356
73914
149237
7049
119874
83741
115263
52494
55646
114183
24246
88122
48946
22742
54979
26823
49665
75281
105630
128415
4539
149103
75396
124811
122341
69324
142019
95698
48216
36484
58797
123876
123615
1515
42453
122722
52703
46989
27937
125286
148868
5867
23785
13179
84849
56421
97406
21272
33614
1781
135345
55953
138084
150274
14604
68948
44117
73625
122511
136599
37179
116036
133177
72630
149698
112780
128699
113796
130096
71739
116094
128227
111185
60420
31217
6193
113488
35502
3300
33506
138165
159013
109226
26461
142445
63369
5630
47871
109313
45764
23495
111129
140346
1316
24053
88889
77150
151728
71638
108038
87561
90543
90760
152354
109834
20506
24084
89694
43700
23790
118599
59571
13347
46320
17803
140479
40763
152580
45170
12236
147916
157853
41083
73389
34328
21688
120885
13737
127673
19596
20968
80330
16040
126250
34471
127915
77085
19149
103810
17937
98816
29056
132831
28681
35894
40020
71448
146977
35924
123019
42041
68047
68668
80657
59512
150256
138959
53427
23342
153213
25448
101970
12653
6841
122892
68848
19860
158642
48366
21207
5294
122552
8957
10396
30469
73975
70761
73565
160598
75557
3503
123765
12840
77843
71320
87073
19616
90188
68991
152116
99645
32927
52757
60919
111777
44943
150115
19759
91539
33811
10757
134886
59055
89699
97426
85190
76745
2290
152953
62512
3701
59022
69662
2751
16525
38330
110033
127745
158411
90180
131636
85395
60615
69755
62301
142421
72073
89842
50786
37499
11531
81720
1762
148154
155180
48300
94777
97769
49743
38762
81391
20498
115337
152685
96938
27077
38037
91886
77853
83268
114135
23628
127410
80787
17694
155802
121117
72486
39350
84423
4364
96971
151291
105521
27037
112173
100497
121929
47175
98094
128366
84504
93740
49131
106269
13892
132868
95045
69082
47610
132106
101283
99585
118446
140110
63959
41110
146880
151779
7726
121298
141307
70974
79853
14667
121658
65962
114283
109048
112676
91805
132895
18209
150020
156203
90040
59298
134412
138126
23052
43733
159076
27559
120802
64146
148806
127844
137341
146413
126590
29705
91770
108983
83006
124322
43440
21949
104683
138853
71983
123597
117903
35627
108349
122613
97150
90903
76232
113723
76401
148505
44752
81616
145812
158224
100635
59723
108265
110723
17658
15689
54916
74771
107451
12973
121495
65610
107241
96220
87585
2077
76015
42365
79211
12304
79042
150069
106428
118763
127219
2968
110425
102277
105496
95675
95779
120774
139143
10114
96242
123432
14107
120999
30553
69009
87027
68831
75770
60213
94474
75354
105616
118402
59073
70003
106418
77288
12650
32437
60961
158638
100146
120479
16348
7616
72872
155985
100628
122788
1713
73
53099
10500
135592
1752
123854
132157
59075
93183
66819
152850
78678
102718
77693
128698
100205
124835
44452
8966
125249
77368
41891
72135
148726
26932
139327
77689
126678
11021
23210
44363
147313
161305
25415
47565
130233
29740
156231
147023
136911
159019
12680
144078
152736
23277
62761
7034
118992
50240
84455
106413
146369
91305
107577
67109
158626
69578
101072
3139
104649
78069
69997
3003
74614
154153
151891
18332
103184
19693
21028
49972
160684
92630
32512
133718
33274
158989
73732
100135
119641
38768
13252
31774
140965
117107
17907
98535
87801
99975
160025
18076
136654
19012
37435
83704
63109
158898
96470
107001
53311
49480
13202
83832
111687
88548
139693
38056
161245
99146
75030
143014
57930
125524
143102
52456
44071
47500
18066
34131
76188
5161
21451
95224
69220
81813
142346
95832
10454
126026
4658
14180
135590
84084
29365
122800
53059
122648
89788
127486
8133
121974
157397
11717
12093
72954
28088
64352
81172
56750
90550
13298
151694
32688
73899
130418
137845
41798
106270
158278
109550
115619
86466
103035
47623
135555
4715
73054
159362
102207
96970
68160
125266
128460
38128
143118
128101
119635
138852
64360
100991
124650
146757
40840
113816
91904
89199
124836
156737
156902
135613
118370
115655
52824
272
155318
98611
138920
27820
131621
8722
124303
35599
32010
90282
115124
29848
40721
85229
68483
15712
126466
75473
36993
85069
32426
62403
50298
42867
23092
147605
805
104928
34154
138784
92279
83858
91038
149136
99434
9571
119348
22288
17728
65896
138044
57988
160768
157424
104749
51174
146005
37761
15164
87018
72875
151801
107495
25938
79835
14628
83025
102925
76461
137964
97445
29515
133420
77386
5291
74795
148246
147472
158804
101022
101756
120453
140072
17465
71825
38450
157451
10921
137980
43639
261
56465
33716
44783
2545
53093
43122
82900
76095
17761
130032
93417
85776
153587
120010
11166
91318
10566
123065
19439
85536
119479
135083
22506
40067
151427
93724
158009
136164
42780
108855
119747
52225
147569
60829
24652
59297
62857
29925
132722
31712
11939
89107
89729
106520
44105
15454
22360
4767
71596
64828
144023
81971
40663
84895
31771
130110
21605
33700
94068
83544
114767
20202
130733
101828
152972
112353
107810
149154
118956
8941
102192
56560
116470
34865
112293
99082
54662
94462
87605
124349
78226
81390
20455
89783
96601
150555
142955
79010
159459
103852
82246
28978
97205
87394
98680
71723
21491
34894
42866
26300
70052
103488
94796
96276
14425
84602
30929
18942
71781
148201
13306
158974
49381
151230
53680
134249
119888
138950
159322
149913
27068
83701
17703
2821
96590
82578
111066
68057
88258
65088
33736
125775
4835
2984
98534
74340
110399
145500
156694
72580
115751
27276
50437
108057
16805
91575
79847
151197
14576
154831
32186
16681
65993
147596
1567
143636
124267
4853
74035
64193
92327
101718
116814
83631
7506
35440
18749
2752
92342
21383
41302
110529
121768
1783
46416
12810
100043
79214
61114
41644
108892
80405
16275
19686
110024
146193
18035
102440
37285
21423
6737
58346
102871
74139
38277
79288
12897
106242
17338
16803
148987
102891
134972
23252
94200
66096
1429
39154
139840
92033
45104
2070
41918
31492
148239
129455
148502
4608
111627
127246
44247
66414
36668
98444
26744
96141
1868
125416
133868
62934
12281
38601
68603
125651
79693
8121
9649
83001
96528
101821
190
85787
119986
138098
42551
15699
7927
77351
63823
118135
94423
124830
53900
115018
157232
155063
33289
60278
96025
11830
63544
33628
8247
106219
89557
67886
146335
82703
49038
61800
111045
10893
145614
4492
1133
70115
120577
158424
59140
106346
20702
54733
112461
102030
44274
158572
85583
61602
17469
152575
110729
143949
96872
38147
67836
80673
139731
142480
15373
64380
98659
147160
159377
78445
79102
66267
118731
6730
5106
146178
79839
95863
7598
44493
115490
104348
12282
75365
24421
97131
13838
100483
90922
85987
63093
17811
84685
108326
94507
106105
120137
104330
15175
157182
143655
15864
40439
95253
18208
50847
15222
87175
92784
68261
151198
154371
97066
118800
91350
50068
120298
152549
157874
119081
62444
64669
112359
125207
97200
156585
1997
87776
81599
100265
109618
31989
133311
136361
91046
18163
101046
2406
52411
20677
105361
125863
42700
81675
101976
115677
84938
42110
65525
15714
89098
26490
82954
25809
106412
14641
152836
67794
25872
48279
99908
142806
87569
124251
122498
91399
78892
11647
154143
105916
152047
16232
90976
79932
133054
99835
61250
37816
27732
68781
118091
65566
91666
8398
37346
52142
69768
136536
90720
72657
157196
68897
58716
37913
65740
17142
47861
19351
97963
131605
55634
26866
88800
18537
104284
53835
81556
148856
5841
29128
53247
54017
68110
107636
29392
99843
76942
160366
38493
151557
54608
110309
43009
154176
87262
124029
107037
60548
161550
960
128097
66840
55173
113104
47631
121085
138542
57021
32438
126863
139799
108316
116974
51635
90202
11770
58397
60391
90666
92567
139940
74825
139594
147847
137579
112330
18876
20798
157376
136016
140436
153533
41517
106570
91393
11569
86529
106437
114606
131278
135440
78218
134897
35128
37881
10774
80079
145221
86503
71580
115946
53378
86587
45359
144764
72019
39801
34859
8718
88652
147218
21456
150852
143257
1285
7835
136587
22834
125119
147747
152703
129949
115914
142131
62963
112200
71411
93697
55812
11583
144265
153262
24302
62530
136483
54108
153067
34577
138239
42961
28616
132429
47397
60316
95218
98881
116028
116468
128731
5624
135744
8032
151875
43023
116600
67749
151203
88877
155914
8087
147978
96265
148428
90961
124357
68824
94672
134484
153130
25133
52241
17861
88819
111101
95504
7662
111399
23839
9610
100168
81785
32588
41823
75921
97761
18986
771
60752
47552
34825
35098
142142
42974
28972
2662
59147
7059
154696
117781
38195
101725
15705
89077
128035
71451
41872
148725
30000
115970
7018
94565
47911
69688
49968
122720
102103
49631
25066
138668
137863
106029
51517
16603
24737
11920
97104
36124
152052
156842
32411
149751
121565
65742
142134
87511
77676
73171
26108
129852
28079
43727
90810
97364
32760
153362
96846
92990
156090
37731
142672
43934
129360
79087
131752
100404
110206
29011
104671
22063
15753
72276
76611
11366
100108
111186
63283
137285
119302
126780
113321
33181
137817
41749
16934
139302
65289
143954
47416
13778
44523
39668
44979
137396
149302
99857
150387
141312
137201
70023
59024
104080
39038
155600
161428
160506
44028
152762
111588
31571
74191
156444
159965
80161
142148
21187
118786
59974
40103
71610
125362
20555
140590
40151
65892
152686
117394
30214
149871
9552
114470
50433
49861
78093
108515
67229
62150
85150
32706
125581
157185
50461
88466
141172
78208
133316
73998
91117
159127
107155
93294
111423
44304
29521
22561
89663
138556
152730
121321
4469
111176
353
124608
122994
152474
132
156410
119814
34247
115846
77381
120907
92816
155485
35019
51033
51218
16044
149910
9682
102668
108508
70095
76158
98218
80497
42544
24831
83033
52328
5971
110686
19885
121486
144370
153476
66511
98848
111028
103326
17840
2488
125631
21608
18013
156971
125575
156129
82297
52407
38490
143495
96719
99716
129070
4755
127825
16168
108956
1953
78772
102932
110086
71947
19131
978
109862
137853
96680
116471
104149
150405
11064
90110
68945
789
60945
18401
74187
159407
78658
102710
12402
90954
108136
11607
102003
6493
32779
42863
54900
24797
42166
150011
150505
151543
89106
130487
139355
19701
109560
132681
137684
87864
78291
96407
108044
14716
85576
61585
113962
26694
42269
138234
28222
63909
13014
78723
11199
795
26920
18719
105664
43891
112843
125603
13116
89302
92794
84861
154598
80229
107386
5349
54965
112730
27280
143318
104457
64386
67308
113197
61317
2190
104084
136289
139324
103347
104253
90127
45971
36936
26160
7576
63316
34640
31246
108506
121782
132944
104793
24580
49727
147513
1728
140575
105533
73639
145466
60004
89322
47531
27651
131433
152629
22499
40014
138491
112222
65314
85264
42485
58174
158381
26329
106449
95966
16672
62162
79210
99520
68164
99347
117654
106276
111355
97142
145718
44048
49637
57647
107871
61120
33837
39687
138739
60190
148902
97639
80676
42854
125470
101988
16196
75682
3745
133674
68231
125892
73373
150023
100102
94958
72946
74079
126888
115641
38749
69222
152556
110606
122008
53473
28361
157146
110956
42458
151103
83886
34299
9419
43501
30106
11290
122173
67130
107675
137662
73707
95564
124508
58686
67404
97746
95558
61992
32368
5828
23079
43991
133794
155718
42199
53022
34777
33708
14517
84838
69016
122546
67939
87491
150856
141297
103541
735
2106
149036
6401
73447
86231
72102
21215
38483
76161
41916
5949
99548
88317
157354
20284
62950
7836
866
84224
116404
133707
111814
5619
28123
3852
3083
110547
18375
121647
1343
8047
3330
17412
82357
95513
91174
91825
159658
49583
106019
124223
155662
72020
95943
156721
35065
10685
105977
47197
66837
148744
5461
114504
131112
105626
22968
81979
79085
160239
85040
157892
56878
135458
117762
57517
112237
108784
19358
84012
106874
93113
134242
114165
115650
132645
2669
20950
117624
117630
57162
135769
118639
149979
11677
59946
97802
4758
93511
78516
10792
124016
29889
94172
29706
133594
127753
2697
16075
144819
130017
109533
77511
38356
89711
11771
29475
133341
96773
15763
157833
11111
31740
158196
116513
39892
39149
51705
161451
151739
112213
127936
54241
111454
32990
8809
59794
115800
150628
148097
244
122739
151465
106118
161459
86684
142400
155143
127485
30647
12464
76098
94484
7876
8198
98069
88373
131504
60577
24097
45687
11346
42160
28484
142898
105643
50431
80718
17495
29955
112163
94548
90363
70442
85017
9446
88694
12982
95479
59043
77337
46547
36561
115174
116307
54218
45894
38211
67940
94882
71126
111326
157885
148015
15254
156464
39592
44109
93148
79244
12728
104264
39177
79608
69751
102128
144031
84366
116693
129481
23353
41257
52841
30895
140416
63998
102587
32433
88583
8565
10973
83118
102778
131514
53852
8764
63602
138963
96052
15158
68764
124485
90105
151600
16447
97550
115708
82970
52638
111965
98344
91359
78654
22375
59586
124227
25484
61230
74239
74858
104289
57948
5856
147727
150558
11616
103083
69960
83546
39528
12095
33137
137813
35881
64188
154861
152218
8560
87096
136294
122713
80116
74710
62084
136864
147928
134207
48208
145174
18222
104334
158441
61307
83383
130973
104752
1144
156168
13999
11469
151595
16420
159706
152169
61429
25228
56719
50934
153242
146818
28606
38218
84024
29208
133009
128217
8321
143702
38441
33727
125046
147420
41653
158552
44180
144145
140318
124475
43604
28368
93808
41514
123992
3737
125346
149186
118612
15732
38850
92785
53085
63172
74388
154045
29257
115965
126415
77936
101520
19194
47568
35205
135917
156894
73630
144040
1149
116481
158973
6215
26163
88263
98941
103234
68620
18941
127751
96481
16035
90157
28536
156170
37241
86986
101336
42653
108705
157176
91775
152120
25199
47204
130143
122375
2401
87620
42548
6976
13280
151603
96656
152133
71027
126495
54251
48893
66917
82309
44373
89069
113479
158170
35320
80954
84745
31350
153094
46857
61344
44955
138472
109347
56353
154701
80080
54752
106088
134170
25649
47908
107653
10969
43756
101799
109247
17306
113464
98312
45173
39758
3239
94186
12628
76870
77139
120622
103741
46303
127971
96080
95775
33598
108794
58952
119063
61928
22977
93985
7693
64561
83855
115511
52531
31700
80623
107080
92409
84315
156291
10302
64537
91480
13046
160482
136788
100851
52561
143577
122740
138605
30456
134418