69127
118600
61431
75954
89448
25736
83643
28078
97135
109282
94093
63674
107926
113490
131254
14875
122991
48636
85
95310
95422
24214
45847
35719
17523
103370
132527
94365
160188
39207
144392
36409
107833
58244
36842
128114
7682
68052
8620
96921
97085
160390
46991
11949
146613
116766
86288
130612
148183
112747
110216
141783
29252
94947
80876
71290
91748
75354
27140
60942
143164
29573
44446
23163
23126
126996
113934
31775
133893
21783
145824
73491
122993
41374
18062
119324
2474
155277
62254
27528
123171
48939
56464
4896
46741
127893
107665
31146
36599
115332
8759
142959
78144
9990
17864
55639
43574
16710
44932
155524
122893
142076
26085
154247
30128
54933
1856
146542
11118
65917
126028
107404
157309
141520
72520
96625
117319
22649
48359
9364
126665
91228
77914
139489
129706
9369
107717
143312
66149
772
141732
22149
149347
85607
141717
32771
27654
150398
147404
53605
138751
129229
15436
87995
156231
104046
78049
159209
59871
54073
22921
42365
79211
80151
9800
7851
36262
107542
4245
74792
67498
77936
157826
9203
78129
57465
107249
16648
92672
134
1482
110749
27677
65735
74388
128277
17396
80031
32204
50891
15339
141161
144617
154024
52193
39378
73931
158431
53820
29301
133127
78154
24169
127881
137256
158142
104020
15027
47963
90035
79643
104982
2771
117966
136286
47762
5803
131836
18221
101622
58609
22724
146909
28917
18313
96667
77081
99832
96780
79382
34409
137905
149263
7125
122770
50807
102363
27397
62163
137360
73835
40664
146298
139003
64684
89425
107873
21023
136391
141072
31002
46803
23048
152947
9415
960
84537
148283
98116
112671
13134
149979
67232
149495
100307
75746
128759
46213
53350
105124
132207
130240
108066
13693
81787
155968
11746
70657
12054
124786
7966
45694
41228
73639
63869
141272
157289
1632
121523
103267
96951
30743
134737
1669
49236
78746
119609
37816
72409
76373
115028
94707
145474
20161
60634
74087
19297
134241
50223
104625
62678
90531
136510
43468
43079
154639
31461
135735
61280
19619
16741
160453
19757
63551
22533
107792
68593
16704
92844
35255
46865
46055
37151
108774
57519
40005
95832
71949
59769
91753
1570
101309
55383
119103
156601
71793
79402
84294
54706
25463
3974
107872
50564
119169
138221
126033
153672
50669
60219
42032
12522
88563
100206
120671
108094
41902
98818
126649
29385
19999
129501
8815
73261
107917
37909
106017
120940
147845
39937
128774
156596
15832
82905
113223
47877
67892
102229
22903
59489
9719
98025
126494
75801
6452
107768
150098
75387
143508
10850
69645
69634
82864
131810
103573
147824
145538
156788
136648
108012
8534
85776
66644
58698
67448
120559
64838
53347
90654
19752
108329
157235
109419
114799
120644
18972
84151
44615
30678
57208
31289
135521
97326
124561
146598
69296
1080
145039
4098
97515
110306
140492
152766
8448
39285
69976
141618
73155
45220
2010
138263
76501
88848
39096
158433
68781
8951
3698
89119
33272
125782
84786
31477
129715
132179
32210
58469
130372
150185
25355
29349
61925
157764
28380
15463
109266
22939
18403
148254
97162
109242
2041
107852
71178
38488
10943
47538
115658
52826
99192
90413
68813
90181
72941
144324
75098
80767
17614
6217
90409
98498
24412
57651
95971
140153
137933
119559
97113
119999
50923
160616
36192
46593
118846
111490
6971
5718
43845
14107
103801
147705
95437
7326
103856
12787
77612
8513
25400
75420
27379
95015
129363
93392
160278
161402
157616
134643
3681
51774
52904
108239
13186
79746
105154
154480
90220
78445
42721
48138
43111
85010
133922
126059
78506
10735
21419
6758
134908
15604
5234
90484
70428
84989
83559
146951
141670
93026
86913
38398
130351
103466
73849
121011
64549
114632
153720
130379
12117
74482
159242
49139
59121
87971
113115
127070
72018
160348
85701
7752
106723
160057
45218
6634
147715
16440
99387
109549
52735
17210
106490
90946
152024
22038
42974
1573
42894
158822
34145
61626
32760
27713
149683
130636
36338
141051
96943
97232
4943
128805
29007
146274
157509
122807
143635
54857
119694
21490
159867
108285
92554
154655
6011
149967
7607
30775
113087
151517
8181
131335
158821
17681
67943
74643
157923
48948
68754
97693
24285
161238
49816
126747
82954
18940
70224
38099
93732
89488
124110
71987
44346
115184
28073
67485
47022
70704
155333
139164
52341
86409
157975
119222
31689
122876
59435
92219
95063
100209
6822
96996
9639
7758
8937
127243
32442
136905
129790
120751
17439
129789
90272
144444
153314
113340
146992
160697
106329
99762
51504
30781
18962
88190
43157
113376
80605
17036
103909
126732
91960
11767
86404
36527
77307
100135
46612
23321
132340
98014
143519
94881
108546
114753
77907
101429
80677
107203
25811
90961
41623
80902
61538
6674
159771
45269
22812
41526
9701
97652
110627
142525
18002
117543
58847
7024
118968
10317
57324
41498
125933
143844
113039
129105
149310
7226
99874
113873
49068
97619
17199
35555
132025
37553
145783
96062
146142
114032
17798
22353
124239
69336
54382
38521
24738
128378
71145
154210
85895
120190
49694
95802
131489
132118
2579
105765
184
28546
9955
24121
26372
53742
138480
123065
114978
90907
7171
1821
156036
83046
18190
80637
13887
153037
24350
96373
105608
115057
151824
107614
131084
64637
9998
124420
142967
39929
145461
22230
17846
81997
97873
109452
157315
99351
16968
101885
31725
123408
88591
79779
75378
5207
16153
9717
115259
128
22821
152226
18407
150115
55439
41455
147279
75943
80854
134273
147463
89191
29313
19733
23937
45438
80813
105869
113170
66093
66094
44248
107770
157821
158902
43788
5253
46969
5564
12556
76660
127953
153867
115294
20198
93346
157269
46733
70612
100814
9568
118582
81991
161006
38621
161324
8921
51946
12264
153962
118963
16307
145046
85748
156938
5650
132076
95926
64360
112829
103224
144943
33302
146124
102858
56963
32156
45890
107282
11376
77444
142502
76448
72126
24975
83231
6407
31921
156850
41415
84600
117225
47535
74731
60771
30795
123601
88503
6260
97105
37834
48006
100932
19015
60769
127727
101539
76654
99075
112511
19004
139129
50532
154300
2215
16312
92608
96701
17666
40013
61112
151405
144500
160708
54165
42907
107425
123256
108055
81123
23875
160557
28545
101417
63713
42463
93421
93661
101085
95277
6392
73561
96793
86673
4158
113900
103993
110805
5052
34336
151940
108140
105353
107954
126265
29889
5703
118191
132942
109274
888
101802
11350
103502
74475
117603
57209
118885
43382
144924
21606
61204
10462
117804
57588
57589
70003
146104
36697
96715
81979
15350
4408
67986
72135
76014
43391
53001
107830
86662
28281
115062
147522
142876
127884
147218
65559
81117
102437
121694
66027
90431
142316
154122
93443
88693
131096
71288
40413
58111
121113
23589
153047
156200
22343
107294
95456
73018
37864
96091
7872
111028
103676
97295
13903
153078
44172
59136
132667
111924
70897
143699
68189
3898
2233
63414
90001
81076
132041
3807
84364
39639
1948
53286
161262
39324
70032
87279
144984
24570
115111
548
97686
141433
147922
5051
113172
135983
125587
79154
155361
112249
35759
89573
65599
118321
25530
91728
53106
92759
23510
72350
158933
5035
143797
26420
13704
154729
97186
20490
146990
94559
99563
129075
35338
53990
150148
9826
9049
98056
24524
42205
78326
128197
145013
94013
155562
91355
102700
76007
18219
83142
30528
25872
138435
11097
52481
103722
75902
106967
93685
60298
7687
113844
57997
55904
43200
120763
140366
24032
66468
40372
71907
85011
115484
142648
77059
108071
20075
48907
94096
83201
49188
4430
146606
106406
89373
147041
55350
93160
124037
29326
53594
127903
45120
15661
88899
151585
7158
129904
72008
137865
76131
98162
53702
22058
62543
60909
41439
107882
95489
78336
10386
17950
7287
11798
149550
142267
157522
46396
102152
119394
77991
57178
114502
89993
141210
70460
130982
124932
132367
12127
93848
135805
20043
9944
159029
8760
155064
43900
20718
150496
4246
45103
154144
47215
72691
44601
29718
54243
115437
132345
156303
13434
78747
158964
41128
42101
81050
113570
111413
115301
122870
80563
11995
73327
74331
73683
156914
76003
119294
80403
109258
26755
120642
68039
62462
138628
142913
91739
73735
120496
93292
61761
18271
38335
60432
119218
66167
12007
160275
135496
61984
112713
46089
27205
108343
157977
145018
104881
25831
48200
1425
369
121714
66054
121743
96322
16693
160383
77485
73719
152379
150806
17124
279
96719
74374
36617
145976
5101
102440
159951
83499
114637
151296
89994
99638
93126
87314
40118
69383
72
100374
68829
129771
160445
121146
36195
140918
132137
7512
25951
12084
95647
61584
26852
80806
33837
33479
13066
130247
11535
152556
39843
18380
58775
62087
88678
20968
86998
159272
32473
93264
153724
114749
2126
121835
91907
124349
72561
46855
11132
56514
5746
21980
147382
17576
48519
93509
43299
0
119705
54744
45782
121054
140888
93405
7985
41082
71944
136748
37697
67075
2571
135433
5029
147475
26459
85446
78389
10470
156001
37272
147545
154370
15701
89061
134586
27285
136714
122029
104085
28258
65452
89600
22464
123752
137548
82411
35290
71953
151996
26773
109714
17634
78800
122885
43986
40419
67517
35111
62990
38491
4257
14914
8595
123794
64616
79994
70835
102669
129565
12097
109485
7768
39537
123323
141718
112134
99720
109024
94437
133310
110655
79357
151235
105372
94866
158620
144133
36902
52372
156254
39668
52221
50709
95057
112461
96447
89259
55158
113244
66241
33562
154475
56253
13012
119445
110108
61528
99907
68591
2776
106794
91635
80229
35637
124227
63710
62745
134574
130993
151776
75473
3310
19299
102644
5799
16413
102665
64434
1867
96587
25685
91668
111230
28070
48737
89502
106473
53549
127969
114771
133154
26514
122685
49007
42081
125289
76486
98849
115955
137792
26649
13315
102646
41686
147872
110051
119165
138226
59085
64524
22267
103068
147613
95194
27240
117207
156665
72197
52279
107631
115568
20422
51489
121881
161299
46115
41860
148658
23570
44873
91611
45966
79360
22140
37955
7339
73704
78872
159352
119245
40343
145937
83241
79413
46936
50752
89791
93483
68626
61259
55121
93475
157513
137436
124083
112613
118915
137918
5758
56496
140311
67100
8040
2511
140069
57396
6708
114842
131595
25710
158803
159965
27833
115032
131635
153544
6031
127845
40075
71561
97672
110715
20477
80311
125909
133609
159481
73024
80360
18636
23384
54949
46794
152037
75395
22783
63268
119420
141647
80870
87836
105983
28669
133754
23788
15849
109625
95050
132886
30567
55733
156595
18122
140447
157237
17730
78088
75008
74050
106203
73579
103085
106564
22266
24356
70842
109864
74418
122612
159013
148022
42566
151505
15876
104442
151934
104252
138348
121397
65368
71939
16867
9213
1423
4411
191
127415
95601
8360
50177
13524
81302
20163
36950
78105
155899
158427
8995
2991
11061
148998
100810
2351
2124
80841
74403
152262
149699
79093
8994
125298
133483
14692
2907
74741
100560
94226
8424
101785
16472
158869
148729
114157
100094
9565
154894
58946
22767
108433
150585
131675
81560
68396
80114
105895
43013
71612
88213
38457
152300
43406
88638
5154
123763
145362
156622
124073
45761
38766
76764
134142
156268
135733
56063
3763
94312
87305
39675
70793
86236
35972
91623
50268
111118
106418
136298
91373
78765
16094
90388
158353
122695
61472
132165
151893
132078
77386
36072
64507
79520
13741
114228
42691
19449
56808
48429
25028
130640
10140
44260
97385
161011
12578
76729
638
159762
80629
107099
71553
101876
60677
68432
17849
161431
76198
59673
37988
12426
23606
34833
103986
109217
145246
86560
37082
1213
67310
77574
144261
31210
115350
21659
161328
26030
64170
17075
104042
103152
1706
9943
100043
120212
10597
57514
34146
109171
71669
100449
132283
112697
119444
138623
8511
126336
122790
1342
87661
159595
120502
5328
61916
1715
40144
38108
43889
97444
110152
61950
66090
98904
75246
40333
134930
131054
158866
84366
116693
134190
80965
88588
29999
17919
98607
5057
129284
143235
150793
56355
17610
2449
136945
109458
114920
158927
57646
22988
101642
159024
75361
3008
122212
115412
13975
113113
8761
149969
9831
74426
129460
64707
46543
137
133153
158738
155280
160437
92326
154040
13077
118966
2648
159490
107989
148983
99087
43655
144106
57892
106219
89557
64553
35815
92967
40716
91858
151375
9275
85768
150308
106451
39883
161283
159779
82368
107746
147822
131253
13824
121268
70265
49639
72316
47526
147196
161105
15584
94700
939
48700
28866
149906
113799
10251
119903
135008
115282
88374
47469
13157
106707
110205
142034
57010
125003
42050
3674
65200
108889
157760
56082
160736
69765
4312
15710
89089
37747
121063
153954
28740
150311
114662
28548
26780
141773
22850
143070
103895
158776
37380
105996
123976
26322
48886
102567
40887
58613
29934
54591
54597
23980
95100
25899
129676
42263
17029
10853
97400
33501
60615
15468
29877
114433
35654
149096
6596
110016
82931
132371
74461
149836
29919
76354
144331
103306
71297
100113
120391
22470
61551
123959
96839
12987
78653
102704
122768
102986
78026
109307
91749
107695
15735
107326
59481
145745
49967
135284
116856
55500
62611
7206
128203
46342
23698
109770
43510
126023
93646
152707
8207
122410
22876
149288
62245
33065
126713
94337
134179
18453
100600
147762
1356
45650
41792
66335
34517
51840
44201
94491
160827
88989
48832
109373
19521
82993
25928
48354
85845
109053
86833
26727
152086
97015
44708
158825
72214
153632
14520
120723
158125
97916
124889
66332
91417
118164
123307
91846
11447
143453
79949
154278
43587
32554
64668
17198
18396
110960
85743
34538
20100
55098
25588
37985
70411
93280
45138
73763
54845
112442
145489
87540
89526
20325
131286
37495
47089
62339
67734
138789
147033
132091
152090
110804
6120
54747
15127
38137
67819
89088
47290
113034
47513
133275
28676
53658
83618
96882
108488
76463
125441
38939
144600
28882
1605
48560
16335
89712
110318
159936
83417
94288
10157
23622
98223
138367
88280
97205
105581
81428
139206
100969
88116
82888
47769
109277
130581
154142
17417
34920
35302
155002
45988
115636
96037
99018
126471
88327
70970
37783
67217
57885
125518
86079
58280
2390
58132
49520
125713
34742
70096
149972
3132
40844
146493
84460
73894
71200
156382
113521
128634
140142
5644
2916
28236
51996
17014
28059
123342
69952
7750
110006
118822
12806
82974
160976
160981
59664
4278
122607
134068
149434
7633
81273
122342
150689
92940
137340
39958
33679
49541
12476
13698
10284
110189
21223
138036
146101
113750
21439
131264
85392
65801
43238
106529
77548
61539
160476
86551
49832
13027
150497
99392
43570
152721
97340
150691
12034
156356
82989
66134
154083
29356
127263
57160
44371
106364
126088
126946
94554
161209
90987
149025
156191
111123
158604
69155
11858
103413
17205
42002
86439
25836
36570
4268
77239
7462
160410
113398
21931
152182
51058
101155
42051
77395
74878
148485
2810
87334
123685
36016
64417
40575
40143
18339
92152
5170
69580
95773
24528
104107
79845
95756
6820
100911
40422
67070
94895
68485
17683
122648
137876
27519
122259
73692
44373
45143
32770
34557
90401
72278
72227
54645
1524
103417
151852
147439
49630
21216
74609
870
37803
60310
10227
47270
51261
5237
22786
65844
151803
97004
26445
29984
78553
60214
66852
17306
715
103367
71985
37457
12254
97183
158976
58835
38213
83528
16176
90684
58970
6921
161553
101009
7375
77469
122358
149290
119380
138530
63720
8289
38645
41413
57833
86668
49332
114830
29069
53166
87531
40434
71528
72167
99951
32331
74470
124547
68100
77495
61532
149744
95540
67720
10718
78095
9874
79253
65202
150421
141972
102817
27210
97029
71511
56983
44942
10865
90199
102648
136405
65081
84010
90524
92129
83134
113769
48147
143506
107066
155446
37344
106459
88701
4055
96523
142115
81301
155246
129095
124802
160665
112272
51503
16567
155751
64370
110721
62873
146470
91600
105607
156088
94045
88221
110432
156964
42207
153983
151177
105204
154148
128113
17891
5338
102232
105916
34275
18627
104983
51677
79726
30227
134201
141977
155188
87954
129762
1394
8246
122538
8259
27048
45601
18019
53642
24941
113100
37247
66311
3144
112014
81341
87414
107786
104531
109340
60251
157179
149764
101258
42599
80501
117120
139242
159424
103064
160745
151316
153743
5384
160684
88146
43011
100854
159969
83691
115158
95303
33958
103382
146085
98749
96297
31389
146612
29397
145911
106216
136579
121746
41406
2318
157341
435
109704
134220
14072
130269
146106
46686
4746
102691
134570
14216
137010
4768
128014
85396
141065
40032
45962
70082
148656
20104
11259
377
48037
51568
16752
146121
72623
136776
9352
4462
22777
41372
109014
1687
128555
63981
17137
46672
69548
112452
79004
89002
43414
39846
87072
38834
12872
47731
65779
93966
90254
34752
17572
80046
140588
138880
108273
48516
126261
120352
139903
127479
58732
136989
4139
1587
123881
101774
30660
127395
14839
34402
139025
139042
35660
18187
9101
42496
14639
64121
59923
41399
41335
147146
132873
46630
77515
77781
41845
134663
123351
95237
29866
108713
49341
77941
86820
145707
148823
13350
9297
77944
121116
140984
139089
50313
104740
98033
22210
143287
92275
43640
39722
145163
9028
161561
44032
126303
137673
100162
86529
143754
96907
120031
115532
52581
4481
131713
35520
158155
59404
60791
157873
90190
149557
5707
28595
99176
65760
147142
89615
89519
84196
152712
94340
9132
70766
155491
21143
138269
40919
107965
111426
127024
105830
80936
100066
137646
11917
89696
21404
86512
4196
90239
82464
79986
76372
84570
71963
15593
80718
102698
139632
143628
90228
69392
82182
111706
118556
106428
21098
151295
49106
103114
101302
144211
2530
105577
42100
11349
38008
98767
141470
147670
2106
68679
124510
104109
123927
90206
86056
52786
7387
21291
119921
32762
8351
122957
23322
12557
92442
84428
153952
34439
139080
139172
44922
37571
74441
134111
138335
71960
157599
28982
10811
91471
150818
71105
140774
102965
26070
2729
16362
8117
142274
21020
31965
65860
147147
126042
114870
78407
101926
118005
134742
97408
107948
113435
129657
157709
129918
10202
125321
6555
95119
152385
36324
64906
24942
103648
148189
145656
153579
27003
11403
102284
6994
52292
98001
112170
132014
150215
71515
78686
146540
27566
50901
126206
37115
56429
118265
136824
157478
16259
70562
138037
5063
68755
13341
132714
86481
28815
125479
54902
80489
36071
71357
99967
61209
40813
139950
19207
161303
51681
130416
20889
134017
24799
31217
21646
47488
33416
63459
113971
49313
144589
62702
55497
91726
8402
105138
78700
114078
49566
36052
27821
136095
156858
71402
7818
64531
130731
99491
115402
36904
42740
78292
100975
73183
159932
122481
89484
10878
92968
26021
115078
67275
114106
49606
33462
38268
68025
43810
73875
86412
102525
59368
145335
13079
79078
133419
14730
155273
119639
21527
161428
17334
874
10422
28280
52052
2845
129279
119207
60814
159243
143608
66092
81539
50519
105071
155460
96024
128803
33871
15324
23347
57355
114404
66390
127947
3133
146964
93200
77468
126966
3349
107560
113183
76141
5001
54142
40071
102545
71408
87831
43694
41918
76561
86696
37563
10777
136907
38231
108805
104218
62513
156644
80012
26252
1281
7823
4551
120536
92662
118589
140230
133566
32398
76617
36161
10795
38238
74968
1795
140178
89169
101928
35818
77646
13701
16437
99438
13760
97024
45050
147433
130080
131425
8809
15631
53148
102779
1703
4367
7027
6181
53987
157993
34440
107623
47443
19746
67979
96220
54965
24998
128630
112037
28729
34259
97951
77467
42649
62426
14133
103797
5626
86144
39704
138827
104343
125862
73324
25980
124225
106197
11484
95841
131948
69213
159641
33854
20068
104512
5588
4483
111220
125397
124001
117671
121277
117867
70783
9351
114789
122955
68988
8295
139060
130766
13173
14419
154201
116506
21170
157419
95644
80912
86119
157047
42978
29027
159156
27744
131554
81089
109508
28329
101522
74636
37690
7694
140364
25057
31993
10979
29642
158960
115623
52748
44063
89351
135331
30643
87397
88473
128619
49670
137437
145913
11035
126519
59414
86186
86459
134845
132995
20347
61780
149958
9790
135185
116503
73845
76525
269
14153
32569
94173
150219
10474
23200
21671
51050
103597
124957
109199
104158
150451
138434
24513
80808
97605
141623
19153
16691
85888
150914
32102
88380
100158
129833
79290
65088
40692
19159
8677
40322
71950
98664
10873
13477
4109
110320
83334
99797
5351
117098
79666
90592
54084
151418
112312
46040
108660
72062
51753
135105
66427
103351
115348
65439
158767
71045
16350
83442
143569
121408
112209
5208
113687
64667
123871
99015
54724
127899
72953
148403
48386
59318
123600
84148
133471
89707
101289
160531
9704
110687
125468
39687
18306
11351
21313
72504
86541
120426
17750
54191
116316
99969
93153
150698
62896
99888
65335
77931
7055
8837
85858
73523
1903
94715
22457
89571
75399
106201
117705
8673
55784
27229
104820
46470
144825
145424
97306
36271
43539
105430
59452
150979
47534
9569
69854
153585
40570
69516
91092
43623
89938
64290
66897
93396
67603
78150
150226
132553
108099
10770
158718
144933
17869
69857
153590
27043
50024
73697
102890
78777
39727
23860
52076
20059
14195
67821
78789
149412
7654
109574
53969
140982
73722
115112
52817
118104
40040
104193
71589
88173
153980
28969
53015
150454
95727
76050
52542
87618
124378
9876
119531
61521
46066
75896
135585
160283
25425
142663
129655
112703
26421
109677
54659
126465
25312
10076
37421
66581
106702
156620
92606
9314
80183
15653
51812
77077
99824
117650
8973
148648
115049
129624
90944
76499
102630
44159
138845
30927
11147
101067
62978
72154
41477
24669
46427
41916
36175
93877
150158
159095
159251
41339
24109
118594
133859
6924
86545
121655
41659
98649
67706
136816
129967
57123
118680
79362
14998
107481
54752
93516
88963
16026
29079
132841
80768
120093
94026
90442
39154
11162
123702
145261
145761
134632
158292
120197
20883
134963
69741
42099
109927
14217
118949
137940
113826
52415
54538
23864
80106
145892
68426
32
94892
87670
79288
80545
102632
7022
80570
58339
148145
3169
35018
126497
48664
120877
95263
108330
83775
88492
77905
9340
37345
143075
6161
85568
67822
150504
11364
155687
151598
110852
123195
152101
31938
57981
53471
24008
91267
101878
9515
53107
18599
5377
49868
30634
66078
89192
160012
152005
121240
115661
43089
155295
34277
61815
126220
155051
137907
148264
48457
25633
126312
100468
74076
65525
19052
62445
157437
145281
64295
76529
5922
100859
45929
15083
86713
122077
17748
25852
20483
11601
13380
117342
56504
95690
149507
151667
147128
43992
120379
92280
150113
32109
136523
71791
133475
88316
145795
6198
129862
108340
119919
159317
101564
126745
65186
103855
158966
96140
150943
146708
15702
55101
109535
116648
84342
134070
150078
5415
126180
74255
154988
118660
36699
65475
3198
125060
147452
17718
12904
78179
131673
23873
77675
138573
125939
91477
28260
52027
152315
94306
127804
115166
144365
104932
83247
114038
49472
61167
48624
107543
101270
18518
79038
73641
38242
107133
89620
123344
140879
38594
91888
110566
121789
74827
142708
2858
76903
136422
78290
160311
22673
126158
84775
117573
33892
83646
143210
86644
151492
88111
153212
113095
72918
72939
78849
160325
2052
117983
35971
64342
67113
149304
89273
26241
129974
90746
38744
67251
50000
115401
78923
133384
144132
152863
45389
100745
140602
68530
148903
68185
26751
60557
12825
43106
2088
81958
148121
110493
19121
148379
102634
147638
121307
101703
150801
38727
116834
55434
124250
136429
36627
135957
41537
74220
8385
75232
2553
15214
78078
17884
140215
58174
131637
131438
98578
18209
157180
58728
48485
69471
92233
98087
121652
74778
511
110446
141265
126049
83684
28159
130400
105498
23725
44369
70006
122432
27044
14157
82280
70726
91682
82065
83179
113883
108793
41490
74181
147314
74124
94301
156042
115309
87843
17588
84029
29241
39305
157085
143375
149217
6984
146057
158615
114223
121990
94582
72419
90561
122454
3922
117341
131185
94606
85525
43504
89449
31804
145562
74201
51688
141540
143677
89461
62781
57611
34413
128478
161231
158216
25346
47446
103654
97016
90468
128977
34702
142438
86214
10143
133640
144720
149348
309
143167
151103
148052
2769
20124
51417
120499
158624
82579
24716
8299
102576
60053
125128
50757
142033
15549
157282
68888
94916
123850
145565
116945
134516
116268
133533
107305
94526
51580
67011
9687
20694
127822
152061
136932
48357
111174
8346
120741
35893
72705
31883
57893
93123
17284
17314
5321
116315
140033
90360
154827
118133
139075
121020
64575
150961
37073
48842
9890
155147
113138
104084
10360
96073
154881
118298
50194
143994
146696
17278
70193
17078
47767
6216
13826
74821
1363
131594
18868
9579
101697
96457
93011
23198
149545
145940
158076
72116
29949
114253
28010
6969
20807
95143
114414
51231
106367
90317
44755
34980
3224
97749
27289
109029
152498
35297
152283
29988
69570
24823
44073
120911
140709
89439
72077
140356
61370
143088
161298
26080
121459
94227
129787
123841
64561
77067
99101
55431
70824
138676
80641
3386
19447
160034
8255
38250
143234
110305
78784
46831
53954
161286
29235
143594
152629
69460
152866
72754
91660
68748
122613
108766
59649
146235
83250
146474
155769
114691
144360
90485
90410
77694
110937
74767
7562
16981
57449
139856
136658
42495
49514
155434
100458
43250
37265
64546
122263
133214
132060
56744
143583
95902
30550
90171
143540
60535
80595
146893
23201
26365
91174
8467
117627
147603
152905
62407
24856
147399
30983
114888
21094
81037
52399
96868
91652
18767
20879
93493
135495
104372
151530
130110
44074
89520
136393
26040
101313
125974
153261
113196
104379
151596
62508
133266
110544
37065
124138
62253
81048
92720
33676
34090
61558
66346
106653
37665
145131
58651
122239
91337
158344
119383
96774
107841
9558
146430
36669
86808
107184
55515
20943
86841
34333
34002
35616
125545
78726
86030
63387
127828
53931
71624
15523
85823
52187
54396
132509
79047
45925
98681
99688
118831
158913
38557
81998
141301
61822
23304
35415
35412
38976
112231
89903
112154
13229
15729
115307
17185
94680
129019
25639
4015
83565
27799
5702
28587
6303
117024
55879
78935
103233
137029
122784
120115
44409
35086
140815
155823
64944
108926
110265
98341
92363
126331
72908
56196
48720
113037
101719
151258
14808
103809
100690
38972
69314
108049
90637
44008
79020
26919
157177
160131
84562
43667
84268
69100
92418
29986
151943
18794
5216
113715
63056
135816
118950
16486
159876
82995
111024
146032
22202
38270
5665
19397
110522
44281
34025
26037
23985
29874
54497
138394
14233
118859
130647
137697
89842
56447
116110
53765
39845
76862
52500
12409
75827
4128
110350
120863
64465
67653
69865
36350
24854
138057
151506
72872
36400
48165
109839
96113
104062
78188
52790
17213
133866
40352
137208
39338
11144
117670
80681
17343
921
6152
124093
26253
8638
152896
56779
60721
148024
2624
49995
101418
120728
152236
109517
111468
17123
17369
32362
9980
35853
133643
23356
57095
29569
104817
7146
37520
78057
129054
139894
136826
111
78540
81364
74066
25333
156950
112814
121452
94915
10619
57761
34950
79431
81173
141429
44863
69083
20563
126897
161212
76786
108370
17691
132699
52083
630
122920
68908
48910
84908
31814
20674
7319
156580
73253
92338
154063
146703
81665
50797
156875
115196
10689
156253
38749
20568
16317
146216
78381
143225
45780
121285
80094
8860
19221
133459
76851
119773
61971
12884
59542
73583
144180
72907
137963
78192
26444
111459
4305
157573
33200
110360
11181
155705
8028
79082
5759
49090
104421
11379
125240
47861
35519
93319
132822
139586
43950
27559
111175
74301
66787
40416
130264
125726
151570
16277
2541
15137
12071
147316
28350
3181
106662
158303
49753
94143
7531
153966
10807
38286
143269
31607
9538
69764
51094
107749
36293
52714
76389
98672
17844
134408
44393
130898
18070
113940
9055
122281
67357
137348
145546
104256
145643
8471
90709
28126
108679
64235
122767
122676
155696
15581
49220
46692
24368
81026
25171
76749
83681
157868
11957
102977
89528
36773
4581
135731
106852
97671
110710
63000
49924
123022
116438
54471
68564
106269
158275
50543
154436
30788
56046
160474
49254
9117
61783
101164
7322
41305
73790
97439
8788
124555
23854
45297
88070
88725
10905
41630
997
75847
8301
38501
68431
127497
97987
3912
45540
4749
114271
39323
64293
148869
32042
49768
44883
9091
151018
44955
12289
30560
16396
83679
117855
105776
40541
146150
10917
161275
139839
132692
148453
71610
71430
43642
158523
151669
160686
154473
117220
41912
107245
136624
141710
64921
20
426
49666
40044
71506
106860
95752
101850
14861
120437
44712
77715
40290
123998
88128
131062
76351
131506
105852
47742
149824
88891
148013
1690
56555
29898
110968
150244
45844
73470
92954
15295
3971
16174
95478
17013
84861
77976
67896
8898
94341
154339
157589
122623
85138
91661
149051
75172
2405
4565
122545
160849
1773
64273
76307
102554
93035
44456
125711
115444
83043
155190
119450
65147
142467
76382
131961
160464
59315
123175
144165
97797
95691
42095
115552
127478
114899
129249
74849
30046
54766
145785
148489
4571
71513
88772
17400
121859
108347
107270
95531
159237
20399
27786
74182
142345
84604
117231
66682
84835
86773
74225
39730
76337
114613
131766
130215
121778
112230
121702
18101
7380
87031
94976
86235
120922
36436
104918
64797
27636
144839
75915
54310
110790
127355
97086
40200
44033
99925
150032
107195
147837
22734
32510
124633
146717
130105
81918
180
157190
124904
52142
149960
155529
145878
8025
16826
148320
11863
41598
74477
492
138976
43054
30875
110771
15046
43503
42537
10783
58880
122603
148594
144922
118296
41621
121613
42438
151035
139589
8085
93976
27674
813
52101
93842
56644
83544
83835
98463
49756
92057
317
121649
58760
38013
67635
88039
4704
65586
40503
34430
8644
91734
113513
81688
72032
89699
59919
41394
106513
25940
138438
106452
118565
130956
149792
52708
72450
90110
17795
67874
47859
8287
38454
68313
79913
160663
41401
61089
19074
49475
14372
107275
120046
51714
107105
6006
122482
16995
57335
21676
72595
49355
71620
117421
16905
119780
139009
43809
69807
42614
151685
33273
156087
71455
3643
27595
6012
29625
88143
42992
87998
93435
19751
2740
147337
89863
153591
87324
145174
12420
7346
90477
89226
135162
137487
8805
154973
113502
48433
70416
8244
157403
64036
17920
30724
131111
30631
88310
99833
118558
24439
29023
35572
90205
21040
111775
26695
53283
103023
150859
104127
150313
143896
67289
91875
80167
50866
27097
77144
91389
79373
126364
156362
69735
8626
87424
18290
63133
142421
154198
67418
9453
137324
7381
56581
60389
153316
12824
53087
21066
32307
58660
101101
3503
118523
82867
25510
90583
84257
124911
73926
116444
152369
88907
122055
71153
23786
59383
71246
70530
120764
79585
13962
119167
60732
42933
141715
52843
48266
9896
82275
111916
45239
93952
90164
68308
14795
62664
83340
86979
38660
70145
97447
79280
77956
101581
90179
15152
24263
12260
96384
124771
158337
139753
79381
13305
80626
154402
30636
36392
137370
98005
75818
158056
121072
52916
75298
68004
66339
12964
161385
47807
122509
67826
146960
73714
50538
84478
105340
48920
24725
21615
24126
97030
125635
151011
104732
152758
111580
75086
12685
37118
16322
138452
72502
16452
24101
141820
72103
139067
89934
104996
83762
28375
19547
111148
85006
118136
152694
150437
90546
80640
631
97957
41858
152900
118728
122528
85745
34532
141446
146037
20690
2886
132439
8473
89933
142262
99896
61743
67135
80612
6394
16287
77539
8357
38844
69030
106478
54587
70588
138321
44488
3452
122602
42578
31443
34620
113222
122282
67360
47870
142025
149710
89898
143596
78489
73919
126392
70932
129338
68097
142020
151382
1890
18555
80075
156618
124072
147656
105300
38088
20323
60270
89955
68365
33690
85454
12580
76740
6396
100003
120125
62670
84122
29493
37183
733
23542
75094
2169
35091
70049
112237
18683
63078
22816
3475
69109
40464
40119
156797
102287
57797
35248
43686
146796
113999
64702
67224
149468
47517
34643
127063
108145
155283
34230
1204
123767
17347
116830
110211
103510
8725
102113
60504
108209
15695
39810
9153
33657
28062
51754
90305
154191
119724
93555
89085
2628
15435
150108
100879
138310
125698
153556
27329
77440
45423
48642
156583
101524
158566
108024
160231
118088
52693
56978
136609
37226
38911
52784
67016
107068
39821
102199
8027
29130
59890
144539
7194
138136
157171
30960
48587
156194
38363
13892
15406
156874
43802
49410
128311
12781
4401
64695
154089
141781
75417
82047
85473
146081
129826
104439
151901
18379
12160
147668
29979
120549
124663
73320
92574
51142
89644
95972
69252
11110
63784
105966
158150
39801
96847
108299
102524
123746
145329
51123
61920
124177
61853
74557
149295
7195
34358
91619
8233
77654
92072
119948
81611
156947
48275
124896
161020
89776
43525
105321
155079
33358
60379
13169
151140
86795
142820
24808
78156
7303
48787
35931
64267
22185
122540
90891
104275
14199
66379
8684
115755
121838
145823
120511
75413
154407
117042
63411
96450
77155
7317
111472
5285
95796
80209
15726
157751
134729
90720
147939
2166
104336
110741
106894
96709
45395
84594
30901
102529
39921
149449
5498
114608
138712
138758
46717
100847
35439
14425
134933
42843
88787
73670
119279
76492
23876
18602
161486
160902
89290
127403
43537
103871
99434
143174
102738
121685
72315
100042
5102
23890
25711
11731
88292
108942
24135
120858
95735
159950
50768
23030
125655
8885
154011
27012
49969
115084
52305
126628
76533
126473
7036
68164
8922
101240
125105
74717
79764
14475
84733
30917
142148
66473
70141
100292
125243
121164
1956
103129
110262
55739
99443
124580
66402
148139
15299
156786
126335
140213
62222
15379
156794
125603
106104
140287
72358
105750
87431
41812
75852
11040
92460
154388
36609
55689
76167
155949
115605
50001
151613
160024
50023
15157
148131
76609
63988
38551
35847
59555
91259
78067
116884
11400
142999
10367
9374
70708
126211
51436
37849
139809
110801
107168
89973
69599
42199
16427
139900
36789
62592
78679
107093
139843
58349
79550
106299
153911
32595
49781
139479
9475
65221
131784
151571
106525
77289
101587
126813
112744
105748
14008
153338
17868
150621
89767
61461
46099
60980
92088
44103
158770
145293
122220
142719
67661
3294
133512
148657
16891
93564
45094
80844
105254
90573
145589
141688
111774
64581
144522
76040
41557
25584
67743
104394
25972
97622
90924
20513
130085
97419
21310
73038
79416
81177
10901
39859
62187
82006
126225
103634
66809
76267
67569
77209
95391
1851
17796
121779
55323
87921
97503
74381
135527
32045
58223
150767
12483
92949
23889
97242
20655
116335
124837
58194
121426
65449
10640
3150
47224
27639
102463
143813
98620
106447
90681
95607
98369
113740
130027
40997
44416
139732
23802
93923
80712
74560
124293
102459
135707
41966
46674
21423
52311
140926
5398
110817
38845
44344
108070
75832
148148
60346
17463
147782
124969
9654
90056
121101
78351
109078
147037
102762
63279
43496
157095
126299
159456
75890
15342
64100
5697
146473
145665
141994
10451
147413
24359
46025
54002
46186
158067
58714
122354
85211
93255
89907
93415
104580
71634
25734
33688
144555
28234
51990
103204
31096
56526
29741
54275
94635
95305
139159
15081
84105
27926
11811
134687
27802
141013
119462
28974
37448
66626
110517
36858
65714
142112
36993
2455
29417
50077
108025
67634
42923
35562
101228
100137
120443
9616
126925
161361
160167
31283
49701
57356
111815
141651
102929
402
28242
63369
61386
12238
78218
107927
77133
7273
6306
75809
139976
137301
50935
145613
137396
142892
14066
83167
144457
9376
11368
148166
152784
23491
115525
2569
87326
38336
133468
111167
161295
82794
148217
82965
25856
144622
29244
53439
139836
5878
115962
66919
5920
17756
73516
78241
155202
42383
130648
107110
94742
48617
60936
126453
72160
34290
66350
99859
133350
4886
34014
161316
153129
136264
124694
146839
16807
71682
44859
128651
140677
9216
49930
119784
49614
156840
124891
37787
17724
95744
33432
60497
57760
62761
3667
42077
8950
116575
114302
90686
98755
76498
75335
73751
74813
111504
107638
129765
126741
24735
80796
4112
100493
37340
41012
65173
93802
134335
48947
107364
153794
115016
51670
36183
46006
120286
145429
125084
74572
143554
28706
35991
64243
142379
98082
96132
130073
98135
25065
128736
55151
161310
92188
27371
131175
69681
119271
130357
83655
266
49522
15663
113950
75257
150125
10271
50097
153379
26109
150730
13473
137404
98360
48809
59040
74186
64192
75288
92361
69733
113473
48382
150510
52222
89500
35706
89920
66926
33120
140006
137496
124278
77691
156479
93338
157261
153565
159650
44000
110164
72973
110379
121004
151809
97734
82605
55184
67554
24743
44630
64455
149184
99578
32623
110581
96924
19268
4733
122298
109329
114432
108618
86613
73718
121036
9640
76987
32852
90257
95948
81362
35237
122297
12315
22053
43592
145923
100909
6277
100365
121274
129255
26029
48482
54055
143344
111400
55289
43521
90025
96023
103303
130421
12718
48582
86991
126339
2788
159812
46776
151823
94713
99696
10155
157596
133451
111092
122762
65065
31338
45236
72138
120817
112205
85122
17333
50508
14256
78628
15956
147752
95547
115637
16372
159599
151736
17258
86801
47842
94484
52686
89416
57276
109271
114121
60351
93692
73695
17910
114536
48543
50888
154133
7928
7018
127473
8214
37093
66076
117957
57957
81798
44037
93407
100536
72422
132438
1847
5986
159133
145006
66348
94927
20126
125656
22933
148378
97489
151748
17302
37780
127720
87323
39728
79914
18383
62398
117196
75584
38740
64631
51283
88770
93004
142953
125053
6093
27851
46648
26992
57961
22138
146176
148369
157394
49129
11611
36758
158447
132670
158775
39861
16151
141474
2533
15069
86621
113923
4545
94580
115296
52212
54675
19037
18386
147781
75825
92277
130252
97586
43156
3933
15619
104470
43348
155340
110799
112333
132855
41532
95866
57227
37291
84993
68140
29659
84886
82436
33454
98289
23700
20179
26850
45392
157097
43284
97151
40697
2607
10816
69441
75244
157870
28096
80988
123167
145756
115465
132378
33625
34617
62346
43635
108008
100368
83514
78452
83527
4517
43177
93967
70631
38063
52782
2049
43693
137575
12043
139792
103095
99716
158023
51347
31894
104406
43195
108349
17434
95543
65007
109996
57516
18227
61623
106305
107402
13891
36777
9206
72887
122554
67953
80074
45843
93302
151092
104985
97477
23011
46976
17065
90959
53934
95953
118101
96190
33605
60818
23082
72644
51738
102987
42138
149853
101526
159515
26208
92263
93278
43113
32215
58472
95995
11675
154416
117074
134707
136637
5494
27458
115980
3946
38729
3603
20203
95037
65899
77533
63638
66174
105229
154724
133921
56907
31935
136289
104959
5393
75749
18829
88895
110353
9664
24049
77160
108129
155980
83187
110573
37266
93136
72568
97005
57873
160919
157908
136227
120619
11038
73326
154822
46504
97776
159422
67172
7447
62709
37129
92666
41478
147298
103046
97912
112440
85289
88479
66284
38612
122053
60653
125923
82554
24671
128307
18672
107970
110520
23844
24057
45635
159356
78315
150865
13029
76976
42355
5779
28928
52954
112242
110624
121382
126060
25629
104758
104170
122635
149427
127774
138594
41690
8029
94788
110829
70630
155194
61404
45515
2557
15239
39438
21989
104928
90172
68536
80395
16248
156921
9600
93161
126396
94667
80919
31744
9158
113303
68815
12246
2254
104622
33415
160848
26743
102621
105820
153490
65780
28140
51865
22949
125714
64744
81230
137906
33497
60600
131115
33642
29308
57747
98644
93151
71505
94714
106790
84125
106333
137346
17012
137368
59995
139817
58099
40774
85532
143525
10550
64143
133201
83968
89076
100950
15451
106889
12170
75644
115842
132748
108599
109437
131610
157475
106230
9859
7961
154449
36592
107186
96315
119268
40932
73066
82219
9358
90479
158088
85437
139542
132835
124068
18539
149225
133190
47536
43216
35989
30506
136331
107254
150720
108293
104365
102654
139149
50634
26005
93494
87804
83065
120576
152688
138185
42832
113117
47658
126177
80083
105795
111084
15504
148909
18743
27328
131126
157631
93749
37491
17337
23209
2150
101844
134294
82269
91233
77927
10538
85618
100252
76688
19369
97819
79925
95216
3921
104009
157086
56074
115203
147558
138424
96816
108133
144930
155039
25564
47784
104272
51175
85223
88901
44391
108652
137017
92475
101360
126133
101517
26948
19050
49645
77342
109994
81059
101645
26811
83339
107200
7606
102815
18916
107918
73747
160813
7318
34443
139083
3297
77040
127491
45581
133239
17363
95321
39630
70724
35019
63519
106847
111463
95585
122441
153971
102835
70017
83683
115140
134921
6655
93760
67500
126868
93433
157411
152164
157200
11511
51032
104133
124674
93960
87675
132177
40494
72247
112292
145512
129434
11228
71816
52802
7693
104794
48754
135431
31466
96698
140406
151302
154860
32342
140278
136916
38245
121381
156242
24242
66896
96706
160746
18073
20760
32185
58426
82054
152508
27443
27072
87681
120766
160200
53744
85652
21587
157648
94336
95103
123912
71608
137353
140961
109483
94271
92100
32020
31534
135828
127648
45114
18598
32779
136333
52404
35416
121211
141057
89250
35422
112995
3682
119886
35346
3381
94917
85370
33431
138086
31375
37458
8004
19120
81163
60596
38039
159751
22801
74108
107640
18051
58383
97112
110738
143295
9626
23760
74439
158085
137113
122999
54223
153213
25449
147124
83547
18969
35509
74197
57860
145206
61439
70933
65199
68607
12003
111332
94335
92413
27359
64053
94431
110141
107853
12958
1731
71338
89906
125181
19687
113776
59836
41213
4480
111214
161046
58781
88431
97169
151879
156154
38058
37106
84374
30253
124515
72956
33609
1980
15101
63684
87430
137181
90082
142269
73599
72130
14071
83190
13292
16772
147156
103992
97881
106534
77609
8491
144765
47872
145364
25712
68115
161066
141677
123559
60638
125894
45622
95716
43093
35259
8880
149900
84230
5617
80384
106487
29096
26981
144524
127036
142051
140428
78718
13222
151770
16421
103084
105323
138108
15579
12499
141792
53245
113142
15592
6589
161485
104698
59530
44131
75446
42285
78825
11495
48621
11
114
125300
156698
75462
74379
106376
32456
94631
91148
98515
24290
112373
33020
9829
96347
127453
4528
109678
13022
150493
11318
36057
89262
78460
139550
21731
121018
12502
104390
93546
55023
72704
78126
100471
47993
62638
78124
53724
88975
22887
77491
81270
20029
36189
64679
127631
75015
95376
118618
54423
45021
43701
85273
118760
86036
35379
63438
43533
26954
145054
5003
20200
49885
13094
12581
103430
146768
15461
125968
158257
106363
93793
123756
95106
48430
35696
94844
1853
6151
709
98233
123923
146444
150517
124521
146537
113554
129814
81819
70864
110723
38233
142017
42067
77493
8162
37726
67131
86134
14155
114497
158923
109944
63639
48088
45730
135100
51137
112805
22749
153626
62582
97037
24061
140854
20859
117161
158254
125903
24142
38585
143582
94923
9508
51245
151583
80898
113094
79861
92548
60612
16756
126338
29841
54457
158939
77700
111146
41325
80436
28856
52812
95137
1130
53284
95566
8125
122016
154318
37890
67416
74704
93097
15920
43121
118231
97943
51416
4697
158399
153163
5778
142980
120916
107480
58894
128227
68952
13329
48544
17338
27064
159606
111007
40253
99121
21957
102629
117566
22143
88745
52161
12758
77476
86145
93805
107559
4646
158911
42324
140195
65792
146520
34424
11197
122069
77706
161181
122594
156813
58801
122508
36497
141313
135944
20099
9608
3272
108839
161535
161377
160212
100257
98012
156608
152964
1643
145027
41466
160719
119924
62320
155155
137938
37736
87651
40797
78143
148851
106912
123608
13063
49484
155376
145497
106078
89021
54967
25012
46910
97369
147695
106958
94193
130499
115207
3522
101263
125775
148260
97189
150007
39302
140315
108930
74325
41982
83719
28273
45106
52785
74060
143171
40621
16520
13633
32592
65737
25893
88377
107454
10114
4531
154777
89793
153188
159062
157844
84163
92202
157684
75441
3227
63535
112879
47170
116632
37555
158321
52636
51790
17157
62738
94521
160978
1357
56286
1238
28117
92112
113668
77993
10199
125205
44838
26352
34929
142891
40783
106538
5400
66147
111565
1247
115129
16160
158940
133180
152845
25329
47414
80255
106185
34494
79057
57174
14717
53070
152916
77879
101377
101217
49117
22696
5091
25754
95839
66169
33378
8699
40475
81377
131826
155516
76837
104221
12630
76879
99423
103908
119529
13634
16171
90662
12480
125161
147963
85373
119061
93747
89545
37441
142270
156206
120446
6086
80420
14842
103682
90940
55174
147805
109791
135332
131448
12865
2229
94579
85528
33936
52437
27875
82258
398
109362
91860
2308
57837
57960
4385
70904
86319
121138
41724
15356
156729
52354
106123
4281
110743
115035
51703
114808
32246
58537
116027
110684
41395
108463
44025
124600
41546
29040
30968
80729
161493
142899
29085
5629
115144
128493
61441
16419
152363
109850
77627
34310
29670
54176
98465
97204
71444
96689
103582
22571
121638
65892
149236
7033
151584
91757
4420
158783
145432
147796
132028
156944
150023
100280
64555
44048
93547
150315
97463
41091
146856
28785
157612
131299
158920
157503
64633
73219
53691
135443
31572
33474
93149
82231
148839
7345
91733
11352
51915
107219
6055
10160
95136
99439
96765
107807
116366
133647
12089
35648
55275
31280
105562
155902
82675
60969
150990
79427
98716
142440
89585
68170
156870
147341
126269
98731
89958
64677
146005
67039
6823
118365
137016
153304
113296
48002
144648
141829
23397
52218
8159
84172
84054
23221
1352
37388
108715
89541
149754
117846
16470
92034
47025
111503
113193
47804
18989
107595
105826
21288
155084
29381
90922
28398
118657
59697
152793
23517
109228
42282
157637
74863
61880
145369
84853
68323
95888
74504
79485
152405
32732
111308
17770
94436
77172
106092
54852
128295
33850
5144
25964
115583
12989
125985
2370
59706
142596
149110
57599
83254
12860
43199
120362
63207
79965
137710
57136
12671
152393
21069
32323
45307
156334
21627
77721
58797
15569
6560
62077
151866
136728
91472
1396
10124
53878
15365
87704
21990
72074
40769
119765
40577
72405
122369
18178
141074
25516
100140
14631
26779
98361
48812
1159
81567
32357
66243
144908
85196
23575
115613
54987
6652
78834
103314
121784
20975
119835
110942
146930
5801
52705
151800
91493
40374
124770
4809
69208
119441
81727
36126
102344
33525
82080
26644
130398
44394
53368
149376
104474
70408
145132
64917
96748
44718
777
40554
96133
13262
10397
132836
39990
104616
150251
43210
66112
42049
78575
10942
48476
103630
86177
158449
73487
103385
87032
38804
33438
15327
80425
51821
118597
54376
36613
1376
15771
5262
103469
23004
152256
74924
16829
93311
78293
10319
79789
148492
134027
8682
72041
2141
77578
1269
69488
75924
97767
22598
74149
94371
107596
23480
44741
116537
54695
41443
101244
105228
154721
136101
146199
14162
153828
91405
150588
136807
144480
127046
32579
59061
144196
161019
91281
112615
94495
113352
42650
35373
63433
59462
50861
105723
67565
57993
27133
50189
9718
97958
23919
32787
140809
80676
159986
45692
7305
151440
12008
129238
131548
22577
30216
8075
76113
112816
140396
79587
18149
95033
73422
113578
505
4131
3508
109038
91074
148117
53477
67815
29588
134650
7205
3351
89134
76475
5854
16136
91890
887
88587
43009
159038
38244
72145
50992
1971
154411
30668
154316
135430
57906
1225
18310
71343
88247
90659
110088
42185
137015
98425
146667
136706
54201
44244
121597
123978
96368
158861
153246
25520
47723
97802
39004
28288
52062
104279
115086
31964
145553
70906
153864
49959
20532
12019
112204
91418
86725
36998
124569
16742
160457
56773
30908
88738
161564
90500
90986
12335
18512
104151
118330
123969
49036
142742
77420
36481
33463
33659
138352
4693
81268
67969
41972
9373
43387
16489
86933
136746
90492
3760
54633
160479
155976
39103
123199
67985
30282
40773
16293
36616
59671
124382
88349
129834
131501
473
67592
67713
46663
137622
160533
86988
71650
32124
22792
126188
58649
148457
28891
11068
49196
55029
12836
82346
143406
151143
49527
49664
101820
80829
129530
76231
30199
57799
120358
63195
21211
146469
90920
98661
82825
62242
119757
135448
59558
4476
2143
148654
129488
10303
21293
228
96326
85862
18335
82373
3071
18630
68753
1638
71713
63495
151243
14740
50007
2024
102864
79883
14748
80831
149929
11385
67320
150392
101847
155337
3013
54556
78330
109566
115740
43567
105945
119869
159877
82996
146180
103822
76547
98899
102305
157088
128681
34560
16186
73965
36925
107235
1018
6547
2799
92958
141663
20798
67995
5027
23218
90804
75722
108350
105821
86110
61151
149030
93179
115601
23066
71261
63237
124477
148795
93316
91672
115430
148130
103528
128625
49738
13729
38482
68386
74382
160893
106940
156733
126655
85331
25038
10331
13540
84098
116085
21746
159924
151853
42779
73674
71552
88067
896
3077
80522
3811
94684
95117
115949
154650
57265
13270
24728
128369
105238
69674
20025
25785
59271
22848
85800
134151
113163
16806
112961
129020
118954
83571
32768
52165
61888
110020
137969
125481
127477
103269
86674
122006
88452
34322
7357
52520
107976
98338
24271
127943
122339
38406
43654
69377
93082
111301
55571
29713
9937
86314
151759
103835
4409
111025
40424
19192
25016
128661
90061
66736
26837
88414
2718
118654
111641
3434
108812
106736
117783
135992
21193
118816
13154
83367
114373
104246
13612
152357
106109
88262
43625
90149
14129
153706
114667
125109
74735
80749
135937
161482
109245
12094
18830
36212
83864
39999
152738
23282
122580
131841
158314
29912
15705
20395
148041
85846
121070
1937
67299
38926
107890
11303
148568
62455
150547
82878
113161
102850
65166
37085
124057
3943
89700
133590
12239
75084
98106
24805
8093
7249
33111
67468
77892
115500
16792
88807
160918
96513
106633
155144
149294
151593
16420
159706
136791
93397
62930
26987
154877
32414
104400
151927
13626
10294
131183
14214
71814
33254
7069
110806
107151
158649
13215
79954
11278
10054
132712
99781
119223
120799
2671
77986
101646
88129
45779
89059
47801
46410
22024
51862
40249
154479
117249
161424
160489
15025
56186
15338
124267
123436
84156
94731
74566
62352
22815
90670
22965
1397
8264
43669
79992
124965
11176
1858
133008
51073
17485
63248
91066
141427
30413
16279
157091
100035
38479
109526
49050
11792
71104
86883
16763
108303
37927
101901
50728
140723
55605
19335
11465
68481
80277
106236
14572
120267
86286
34624
95968
93345
157267
18040
14061
97520
130303
130305
103281
112375
128119
71425
129785
22250
148523
4684
58676
106866
12295
128362
97774
24824
13814
36736
107345
28496
39477
150785
121415
121550
142907
122933
148089
91500
1072
156528
3352
160243
35336
137482
124259
143658
138346
157969
40957
149421
73838
119457
58844
108552
36750
116428
27874
131671
120992
58056
36117
76876
54911
48177
124682
146829
134280
10699
42662
94854
154033
87374
95856
34132
61604
113888
10634
155452
42039
122
36874
153813
154203
113880
151406
95710
142449
147609
25538
8171
7692
129226
16579
154492
10420
30807
124767
129800
66450
8466
83818
21396
53088
85335
135156
54391
23590
73240
2447
105264
9953
4490
22927
41692
147893
1936
67024
43309
86889
138354
58210
57971
56789
19590
43260
15990
63736
54977
46998
52488
79780
105213
117739
135918
73905
158329
73986
94044
32061
30733
55969
51444
23484
155174
119371
57352
88542
80963
86329
64931
148809
98728
115519
20208
27968
75600
3601
88558
2147
149820
101449
139654
18875
24887
46732
112880
33112
88825
110555
66110
91588
151251
133844
125342
76932
107575
22208
38291
104641
143695
47885
52955
114359
94464
44702
127797
86241
140900
145232
62236
76990
32920
59692
49511
102609
85631
125375
77295
882
108385
160772
48542
5676
8313
90068
66804
113919
2211
115461
156305
69182
66374
41948
31800
57511
90644
25703
65235
149813
101436
43295
120553
27078
48556
54884
33849
91621
54939
112677
103484
19184
160292
57587
45745
26363
128507
160269
118608
59580
72229
58261
66546
97300
43467
93929
121874
161467
154027
29186
53339
49874
3758
29921
54571
75389
73303
160135
36389
141139
109396
145862
144652
84187
100031
122817
143646
38150
81780
20948
111896
126918
151969
108386
126781
120128
26709
49455
125789
107990
12559
99082
44422
110288
1952
11242
141643
117710
135872
24023
17423
95504
7662
57989
123265
107277
90767
160535
19362
89914
115801
75381
3046
119285
70379
156943
89423
145820
88908
134135
76457
151230
105367
89841
45839
29303
34249
3847
100027
89158
159682
19157
140159
120454
128406
64083
155718
17132
73968
38552
114362
50232
112111
19098
132008
80983
59520
40241
78038
139710
72742
65397
155624
96129
35459
158802
43286
37786
132517
90195
81368
33370
38279
103483
94446
34159
64523
121060
137088
62540
84272
28828
152731
23988
40315
145902
52612
76136
96642
1336
29380
26102
69158
60709
96459
4167
145507
115458
3707
24830
65315
120761
3920
59843
106062
115685
143227
84735
135554
58452
102957
10351
138375
153158
25238
79546
49001
18832
48933
17282
627
23157
26672
139225
16534
68377
117178
64229
130384
13317
11419
13219
62652
31793
41787
75666
44719
95149
98530
146350
88928
94367
92572
84851
138294
98252
107696
52457
53613
43159
103128
82858
3083
33359
138007
37581
128756
18658
140987
69219
116443
154882
118299
7625
7571
21283
59043
79398
80872
33686
59519
29225
90097
142677
77159
114201