55406
37709
92549
150257
29206
89893
63257
39026
79928
14842
7632
120371
63223
38466
58244
32595
82395
136872
23364
59952
66423
70331
31166
67940
126335
88341
126902
4376
110967
59574
149104
18667
21870
50612
31435
88796
18376
12155
43342
38815
63593
19952
25393
5372
49841
82265
98749
115617
52727
79449
104525
5496
27467
20560
155677
98422
45853
74341
42549
754
135879
157288
17893
38862
69065
87189
125651
78314
102172
116092
87439
3628
142156
120090
95586
49520
109553
51850
94807
85162
32739
132511
112147
147189
135383
89242
117278
124033
71841
121084
44559
41511
31843
8972
76150
101986
56988
143919
81511
57377
83921
160875
97062
128297
6286
110690
122430
35259
102058
64026
85822
13000
94810
85956
133478
339
36059
9432
38052
79918
143063
78600
67168
77226
22341
123261
159524
156252
94608
41364
11162
37756
90131
154649
48651
37295
142135
23176
54175
123695
105165
27092
40021
104454
107751
47070
159251
99157
130493
78066
9798
110601
35250
63196
133256
113919
64695
84100
63369
23363
6944
32935
41594
147499
94934
42967
54937
24919
48648
28410
126035
83523
56935
94149
42992
84114
133336
120678
1158
136839
138426
107483
39845
145335
64547
8305
91100
150301
101345
29376
100797
9404
87781
69779
126299
86627
37365
45061
15808
67975
150751
62659
41826
75941
95940
76666
111488
58097
127740
33446
57151
105351
155206
111453
80074
15312
146720
33807
61166
91105
77233
100017
108629
131579
22440
38399
101721
102836
114332
50168
155246
36126
52891
91684
93653
94374
22897
149728
75287
127920
1903
8386
26628
121275
65099
70663
57488
2869
107085
26621
109827
16140
73189
51739
41562
127321
104924
161375
78989
142749
120798
89410
93930
7274
41122
105029
156262
155881
141399
110556
50364
45053
95705
157508
152446
58996
157799
109425
69763
143502
158352
139920
125571
151058
82875
100237
113697
121126
64834
157089
86217
120849
74328
40668
101477
105348
98292
140234
46289
51872
90150
151108
72267
40587
142086
66256
49825
23411
151707
149616
16806
160771
25949
42093
157161
52346
72024
31937
30800
101260
16933
160915
89347
145975
155654
120586
72881
151566
82041
5385
133409
123851
107876
100213
87158
92305
153990
46827
73644
59077
7802
145493
91324
23607
47742
53735
83349
89394
139191
51116
79114
12359
108081
107735
96649
85819
120027
88247
75087
7135
119232
60860
101798
38413
106917
76168
54189
28560
52431
51981
95528
7837
68940
18348
113349
129554
124742
146932
77726
8801
40323
71950
143762
29511
104392
6747
116187
133442
94652
150145
57499
100613
97867
122572
3596
101510
64346
149323
51816
17139
156606
4478
158041
140311
12990
28172
102093
44087
71854
28635
23809
81099
160363
118576
59533
121578
18512
101542
21739
30225
147848
29415
144170
80031
15186
37481
138964
108539
106114
89170
2064
41407
84952
113379
97864
119866
40756
36508
592
17132
130385
120002
25938
106327
54265
157604
96492
56587
116563
23271
46149
109925
32327
146830
94671
4263
22157
7822
36122
153480
36007
50756
26908
100168
79998
15095
48124
66196
94965
83321
44731
75960
44018
160604
36971
65882
23253
66082
141869
147578
147756
33645
63047
2084
87437
12562
6221
146471
135848
33677
9038
116555
76023
4710
2441
14559
102483
58008
44356
45863
40146
78126
9947
38633
156701
140129
60880
147927
25597
74406
114773
51132
67404
40864
160261
85172
153789
28331
71057
122187
12902
15189
89905
80852
81242
109096
73198
25424
6980
137684
47826
91266
78128
15741
133550
13195
117581
57175
33154
18253
10357
20691
29953
17846
11591
28251
99796
11033
133122
32460
136935
101142
33651
28792
132590
25867
104475
68309
23804
1455
1567
112542
41664
147792
148010
52389
22853
88389
13412
70601
48329
48664
38199
143179
13103
59976
96958
88812
26242
112336
63523
98246
146210
18726
78886
95827
11880
49640
126959
90683
1429
39130
69680
103594
75048
1975
11714
144886
154883
158632
153934
15749
89216
156175
1253
121389
65355
66718
9131
42653
19428
92216
153742
114788
88030
128204
118007
136364
25611
47846
150051
84593
140929
19552
15413
1205
147479
23799
63621
87638
107321
113944
60171
152635
111003
114145
120963
64412
70545
122322
67438
9636
59469
154017
109725
140379
12249
13871
24569
145161
148117
126847
16359
50809
126782
30940
112126
127818
42929
153781
89502
76930
85093
32518
102619
127961
73113
15549
161076
107101
6829
100856
71485
61968
50782
105585
60566
93665
152020
98538
17276
111473
133121
21081
58807
9070
42309
150592
18870
43669
30424
90151
109768
58361
60159
76795
99289
67344
151104
14218
10431
151516
15923
60493
42533
105658
21579
22112
55716
21605
151788
17667
149724
137048
122805
44034
25966
70777
139882
8925
1500
74880
70055
157051
71091
110151
119749
138978
107445
6836
118391
5459
74441
94929
98284
107619
98569
131268
66458
101923
107957
93982
55310
26063
41468
44498
23018
43276
91936
82180
44813
58963
143980
61955
110563
145115
116418
52815
68930
80039
86532
36952
145958
7949
12755
149539
92016
82577
107858
42732
88227
150270
128295
92299
125515
58021
140043
60391
12012
66046
109421
131554
151448
54664
29381
33838
134163
9755
88380
157221
77893
101046
45184
102829
110600
66677
37259
34643
138631
119916
62305
19432
110645
87657
40828
68088
79352
104282
149788
126468
126514
89250
56610
116610
2502
87876
60208
71814
149366
7432
120119
62648
25538
37093
66076
13732
152653
45035
82298
123727
145305
156118
37852
101274
158235
10696
58211
141533
65553
36653
21950
94230
110885
65739
147069
39141
144293
126753
25660
129404
123442
144676
26974
111383
46612
111502
37688
100415
117215
18889
25872
74227
62472
45094
67597
62519
36233
70136
124248
145790
57534
97870
1146
5364
114182
138901
122709
137403
139614
18906
55161
113334
48099
43534
64484
150991
13700
37815
34780
52018
74594
67721
51709
140462
141315
71017
64141
135491
107795
146242
29141
19857
59476
87325
48062
78354
20138
26651
49371
15802
1204
56675
76308
52418
39975
154806
20207
101675
52398
58300
89598
93492
93475
132596
15553
32087
100456
136501
129348
158534
152509
28515
44338
20070
25314
149673
81277
63516
45966
137587
73420
155567
13893
46087
43363
59414
40017
62928
83127
36190
54611
91459
103787
103785
76327
148745
5477
27326
50514
18246
115624
26341
130088
109889
125701
113094
26702
160332
155275
138833
33828
58114
85274
1957
82148
72111
103827
8034
130207
59546
94046
143257
63695
52527
122976
143879
5113
10139
5436
60560
34374
45187
26777
130495
42939
115032
11954
10955
90106
149551
28750
11887
82894
42949
83732
1723
79389
72645
20165
124485
72894
51609
73102
65875
110166
44022
93185
40642
7557
34762
147227
142597
103083
41202
124753
73594
126864
157818
151703
107258
150906
18022
121742
155113
58814
122984
99980
93842
1318
45099
17720
80943
148862
44041
155964
121670
141864
81730
146922
146015
96998
155098
121872
49812
130137
132298
119368
61161
154797
156167
105571
141724
118781
46011
73165
92151
114135
130578
42237
42046
65390
144307
148758
145507
156708
134885
130700
156281
153518
26685
8517
70536
21879
107435
87380
27070
62098
78890
11640
88848
45328
28607
52509
107960
113548
20456
115090
53953
720
55304
24939
156285
123299
80360
69127
152408
98496
138467
43864
119724
115262
151682
71236
75797
119079
102550
137506
24149
66773
98863
92344
58327
96576
82637
104344
31774
147285
117941
89907
32459
125296
111286
153291
106598
151306
86294
155850
1750
5957
36398
26022
8728
40633
95935
137520
149948
54472
10136
18426
10054
134240
4301
105633
122900
42397
131614
81780
63853
88641
49261
37949
21409
140382
147072
5645
6925
115584
18395
12263
132215
26701
127865
146568
13382
59121
38087
134328
140616
62043
141597
67758
81639
68433
9637
142456
141756
92036
17606
458
14558
33052
155400
62617
13540
60148
12608
76821
47059
128136
130946
110807
34312
34946
55853
105659
101191
125486
150133
102116
131227
22875
60100
91169
45520
25991
74286
59090
66167
134150
159642
19727
45408
35774
99651
137605
127207
109640
148571
4858
98085
46413
49210
33696
77576
69691
155815
147310
54682
143680
143278
23481
8772
88101
114536
115259
99077
93035
9889
50166
84374
83932
146438
16977
155203
52124
91107
62734
42809
23727
97809
118802
46793
40998
73214
158406
141171
109822
1744
80145
27492
81341
109350
28115
64638
108610
54857
56726
55912
35830
62867
116856
55500
99741
138494
76273
5330
117916
82482
24505
94068
147541
561
77435
65412
75978
83178
120632
80419
72099
158018
52577
54410
44942
100810
18811
7319
62096
16315
159364
158084
82059
94170
104479
24126
91092
94190
91507
150951
93554
35351
89047
134130
122069
66859
76388
103378
100453
105018
10192
24488
46178
97154
65094
84712
117477
111381
44218
119255
32478
32480
8268
122630
113538
149079
109571
134754
106557
138344
103137
139264
83021
75471
72968
48547
95328
99390
156412
26599
29855
155758
140748
79060
73681
137788
75219
96353
65913
45142
3741
120760
90411
145118
73534
41276
140345
108922
24009
45551
75755
11741
119372
57489
33998
101826
85622
74249
133673
28478
132291
75271
6903
32782
33477
103078
52492
48456
161203
6045
102193
56565
57149
54062
59058
21614
120563
63687
160999
135910
28512
132330
50774
62377
107620
2090
83843
100505
1263
7716
137850
125064
74417
110521
110433
10041
44442
30955
77499
813
95526
96705
57379
21070
503
4126
64252
65919
134865
158836
99884
34370
85700
46457
135011
60288
42889
153583
130794
139524
67572
124924
161100
158599
152280
20685
35326
53105
117188
41828
99328
145579
149518
7909
124302
3994
138939
115952
3641
20510
28511
132329
136952
157873
117377
106428
9991
76073
23553
24285
103267
147446
151594
19333
4104
90005
67143
7353
69157
28538
116343
7527
35140
42749
8995
58775
6781
13487
95311
31311
78960
103282
46712
128724
22749
122724
68425
87729
7145
41532
121049
101417
158195
155721
111470
34155
61243
46038
88448
150730
6883
32721
137309
86987
38696
63852
70490
154937
71977
5431
130948
108791
101162
26589
82047
11069
126612
4846
91034
6676
159128
72298
70605
125824
96943
16004
70231
94150
7161
61050
159250
71075
158171
144817
118773
43384
140788
154434
13115
79384
13319
159979
146169
6990
3662
156131
16071
38693
39466
158691
124527
8343
110993
96063
75815
95463
82038
108440
18573
81206
128185
5777
3187
19921
47332
95362
139722
57022
129878
89701
77269
64061
115824
53177
4788
63759
22680
107261
100028
36684
3119
116740
55279
129180
64322
142591
45104
100893
4034
90658
72419
70
109748
30712
55946
42658
72056
18043
38152
152916
148322
21042
3599
130647
116805
149544
72866
154796
36864
142915
44949
158843
133705
44679
89469
100317
64840
15844
89497
48909
95189
138078
20539
132652
72007
110966
9282
31752
64698
2279
89944
11163
58201
25001
160307
19121
144397
95998
45081
147431
101485
82186
74905
95748
55377
15350
146482
82109
23261
48941
9359
122934
65097
119875
128842
48485
44893
756
26869
121239
157289
58219
148191
3358
37282
140231
42956
28462
82428
131512
144814
134205
63263
25112
104725
17335
878
98914
53799
980
117836
17768
140163
126868
85777
125218
33543
139529
159299
82898
113208
54314
23366
110583
136659
99415
146040
158533
108291
16723
86229
159144
53560
129725
36979
65896
18425
79152
22900
146198
116126
66327
19411
21975
75671
140013
59751
94569
47417
138920
11898
158158
18271
151997
20188
37500
66703
21859
67477
77913
156373
97233
100470
126433
53770
81090
56994
141046
108479
10880
131423
41375
732
28936
22555
104406
64691
157826
105786
136971
96075
157569
64037
112445
15929
93655
11927
159234
77520
8303
16021
122730
158503
68442
107936
54163
80339
108971
44487
9726
47935
84859
99548
5390
49966
157285
28615
132429
4092
28915
129954
56522
77289
61465
103975
47498
34292
5663
155300
67953
71605
88210
15572
47304
81431
154117
64866
160667
125355
7083
119123
145060
93044
68921
14742
118683
101891
74239
123796
45443
143840
152112
19899
68791
57582
143256
9540
126740
6608
102722
59609
146153
69251
152586
47026
115238
134624
114695
50944
46671
4715
45508
127838
82780
25308
97689
138447
146324
158418
141284
70867
70096
158069
140001
31527
110767
122718
143499
69746
153401
137838
160852
50350
54067
154770
81059
47047
101683
158483
94833
96592
133771
82276
149903
109589
29166
147614
35604
131335
12806
99753
107373
43991
92843
139914
92137
49023
119845
6586
79681
132724
102153
42133
149826
54844
112444
103475
21082
136903
154022
124198
72201
21828
94632
84638
154666
149453
100196
28274
10809
83058
17247
88427
109091
99161
6312
138164
2701
7578
158792
145523
51714
52439
109175
25929
142154
71007
146594
127139
77135
39679
22678
115196
34842
109874
139132
69161
119658
31782
32889
111665
44738
138458
43818
78902
24404
13041
150551
26198
24935
3708
53403
68250
79772
14505
43788
116121
133302
22042
31890
35620
1149
119312
157521
131611
90960
13046
150565
144659
116349
77844
113088
36038
59303
144989
134405
5541
20427
58955
106263
116014
133134
149869
101569
126767
37925
67474
43063
57361
99351
9921
65065
154608
31328
41901
5830
29083
134407
12689
61648
126087
84255
29892
147147
10433
70653
66148
140139
126659
100087
41165
146933
113554
48513
154422
157484
16605
41678
43598
146532
15746
23348
127182
97510
110296
115608
118984
132634
18933
158962
95535
100311
130208
19090
12444
150370
110300
52063
139306
112111
63607
97280
53927
150720
118164
100273
30433
1922
5232
138124
90964
137010
77331
120577
68875
15482
85022
44042
18413
52307
140057
66241
29197
2088
15324
27818
80107
105868
127595
115033
7112
58957
67761
43851
114323
64618
28247
23595
131978
90290
83802
115394
132295
42924
103897
99759
61262
150187
102236
74430
50149
108758
1687
111183
140914
7648
63702
43203
114623
48929
12703
161457
60965
127822
127840
61197
40249
83864
96678
89761
152484
21538
77947
113201
157803
29438
133309
43283
8160
56060
157165
55398
120165
50801
149432
100167
39794
87305
123643
79559
114995
80773
65658
63383
93965
160780
10057
83647
99566
57575
38706
18166
88349
158896
147115
89366
118176
86442
49443
127849
111444
152536
100605
63603
6011
51382
61079
48414
72768
7289
87073
79368
13244
151450
71944
96013
103241
17123
75492
139902
35583
4886
27519
152546
41254
141818
40191
52023
78667
113059
147212
103970
150331
1522
98853
70804
108497
157035
136602
103901
34206
108373
27413
45180
24383
45253
39328
70040
120771
140531
101114
81040
136403
121223
141147
70715
151197
136616
34671
88048
125692
105685
127394
111190
31745
57655
146526
36858
27826
158249
20371
95515
102643
114778
116114
133285
93041
126254
30672
143473
154682
63921
82403
119883
94879
19250
27402
50627
4701
67008
35546
139547
130729
154513
31044
49990
80247
157966
137899
8014
121553
43920
83774
124457
99170
106819
142121
135485
40220
80757
107400
107468
16943
46756
29710
103168
29263
19068
18657
154853
61700
16790
160612
156547
48901
3785
20780
30471
55565
151572
134823
104716
122910
79228
15152
86944
60040
74699
95372
143549
80312
13823
21190
6102
137961
83200
20515
52460
52461
158265
47776
36612
65334
132636
69170
52670
3744
67962
48311
74229
127202
156154
44128
139989
147989
104644
151957
142080
20345
27555
4457
17947
29350
59512
17120
293
88545
129064
72601
32731
89514
58119
22050
148843
93286
23857
97263
146499
129967
139415
17506
10862
40447
146846
160361
109528
81131
1418
8384
156245
93431
54001
157279
49569
125491
26655
130404
72394
112397
862
106335
7128
98023
1034
47456
7175
139974
52688
4504
14022
9190
42830
47611
142153
107129
94470
126723
152466
110219
68378
67991
971
61018
129968
61920
7638
52366
145058
93189
72735
9264
20761
30337
55376
26272
138628
101797
69870
111881
156810
72669
16321
27960
66681
148482
43934
147282
138448
60158
160195
18923
16335
138450
43804
91299
150182
5088
72854
98629
40556
72354
97125
103396
46687
107769
128074
53759
56133
28868
49368
13786
74574
98500
27133
130900
55291
151252
97467
133755
32082
50291
88022
111327
120316
13759
145669
73400
54470
146363
134972
134975
119295
106260
43343
75610
3635
14868
149276
47388
33252
60236
105478
46332
2942
27711
67061
77005
18551
13224
80051
45101
3417
44219
126892
90903
130004
45475
61464
156267
38800
23628
76075
112492
124459
21848
159595
80577
157796
100156
140160
113581
25774
127777
30425
134387
120644
42416
23408
44630
126835
151736
151409
66129
106095
37196
12873
149925
91958
63414
153007
112472
147739
157721
126127
55789
950
114955
9465
126529
159454
79134
12403
145919
149854
117223
56237
15641
116825
8029
136336
17718
133497
107096
7401
157303
149148
60251
159602
58464
1402
143504
95297
56114
55502
17659
75519
3426
18945
29866
38284
115450
149739
38549
125238
148500
4600
71631
4839
46314
125231
97590
91245
89833
139516
130015
7602
8743
18764
1156
90689
119296
30287
153513
39925
25588
7056
142074
1939
158074
88278
76617
6118
42059
17682
93025
86903
50036
6805
34659
68810
124257
142072
148020
81604
21208
118888
60184
152053
19677
7917
39660
90602
80418
16337
89207
62177
38845
143865
39830
159409
150427
78993
11877
71856
26954
49876
157446
131195
28158
124110
71988
132441
8767
63014
125931
145976
23123
48563
78596
102633
46256
109905
118161
79546
147365
156558
157068
84846
147191
32833
108556
156950
141233
150873
73605
100905
4561
77659
8610
136567
125790
38788
68950
18461
147286
1544
62622
115978
29522
98626
160443
86320
36292
93037
16856
126954
109446
114878
131644
36710
71774
149488
124803
92232
105626
86870
18759
44697
1906
42361
21328
119436
61338
114824
161403
92824
155500
37293
139200
2
2801
92980
142445
26407
143990
122329
34091
61558
88523
100577
143166
22337
123258
82973
4926
4924
25074
53057
34478
31916
52709
111985
75526
61500
17465
71823
149205
41561
122804
111654
44710
33745
141499
90695
11236
4388
40010
2776
106794
125989
82945
113344
89432
111606
113767
34744
139371
26778
158551
69005
89076
138956
73126
92091
153316
15326
105316
85347
66348
74930
72535
6521
130273
91496
79737
134648
143753
21955
148930
152467
146069
19765
10303
67362
23547
98342
88621
122942
140275
46296
154579
117481
109526
104216
59599
138769
66878
31479
119019
60421
8724
1434
8446
39266
144460
106909
49943
86514
63768
88676
154645
115083
11656
21319
82885
87414
17338
8
74705
13101
77596
142993
5947
138580
54257
141773
3470
19719
84613
108316
18100
95363
100094
65328
120025
128183
139379
11924
119772
139408
34889
77353
79365
104326
77890
44837
95422
60457
151053
885
106402
30023
47095
118838
119264
60087
75183
96294
135835
60767
154808
86421
141394
92635
20688
133832
141667
30920
56228
19948
36037
36675
15849
62309
56127
10628
120356
63186
27510
99806
61265
87355
39839
19454
34950
62764
116408
89395
135661
18991
138968
124779
80098
74263
46365
22893
141742
138082
43506
32042
86046
110172
131880
32151
144726
53151
9398
146580
149691
141482
46258
76272
107748
121116
140984
7420
111882
80275
43847
22882
149486
7792
41091
146856
146864
92856
155592
53211
50947
8089
93860
70035
130740
100913
52436
63140
61863
21486
47140
16220
41715
147985
2433
117789
1700
39243
69866
113472
110832
94563
101227
113613
63059
71391
15305
40198
74214
68901
75762
102054
34603
145466
110177
28663
153421
26220
73478
95144
130942
71711
7069
6306
15323
103576
96262
105119
21864
121434
65478
36757
141560
83288
26898
28786
72680
73686
54475
95805
1831
87068
17679
113494
48409
33402
138057
116609
136112
119209
110788
38683
35738
63973
71620
157113
19545
150765
83629
81031
100821
123883
44197
160337
155282
138882
155864
28493
96496
16235
90989
1531
104945
143558
3861
93187
59045
125758
144908
85195
87408
64794
135263
106127
152707
23056
126635
111318
72618
149636
125897
105423
62456
72942
98124
59385
115948
74545
136305
76286
91744
12326
109048
17844
81076
80460
16456
91993
153001
17904
15362
58553
45089
95740
92530
63740
65258
161090
60536
64678
77438
115226
43089
99555
4044
107195
41822
97767
40657
72574
46781
33957
84795
57248
52785
161559
27496
50778
44285
149682
54249
30977
85913
72591
52638
147547
97830
22974
82899
78899
11667
84442
102126
51626
101948
69226
18775
106232
36551
127725
27791
44121
55321
2056
58205
90445
69623
25318
28095
20556
28994
132781
138170
87613
55592
114080
12870
115969
151939
29727
113670
83611
27948
131763
71639
15207
39131
158223
42761
88348
39541
70554
95934
129647
122186
81163
152066
151880
7609
161398
111237
150591
11724
94894
126915
159893
122913
92001
149717
8863
61844
127116
27736
136279
40921
153487
130262
51734
93300
77018
99728
149337
141423
134267
151296
155784
64713
67964
93347
120133
12642
70376
84828
68980
15909
42541
151401
15480
101051
107264
1234
154930
5240
113784
108158
29079
53191
96995
118117
77528
126776
84402
10497
120408
63309
72259
86776
21590
14147
48823
141468
49695
40225
9863
128235
7575
108646
58999
38333
122794
68646
128358
124356
139686
31001
62841
112253
100476
126531
154084
29356
89575
136715
122033
52154
35361
10252
62681
134254
140585
131773
16794
43901
160651
4063
75542
97042
51249
102326
43369
91139
65024
138581
134836
159043
152814
62428
138643
13572
81439
24080
45668
114818
79926
110459
36526
3895
55962
8578
39770
70962
74041
69773
137791
41672
80242
15811
151509
106237
105805
156803
73651
49319
110613
66783
42918
83526
27624
97747
40113
55267
25988
159209
20837
78101
125440
55246
96453
35843
35844
13431
152133
6029
102049
81900
79333
104176
82065
80826
10588
115168
75160
153977
115743
29717
12323
125009
153534
160322
113320
37253
107651
121438
47982
50056
62276
66203
127050
73720
117853
14215
153960
27617
50992
111675
44758
5100
113365
48153
139212
36488
140331
80534
106822
8859
133473
17240
125235
105586
118326
13245
8909
16769
160551
160599
86769
37770
3669
126538
66970
67000
89285
149003
6276
56703
119385
60528
42110
90009
132028
22173
122505
26617
161434
87034
116530
114691
107227
9007
41986
126508
59654
40624
72476
768
155293
151869
156278
87571
40538
52550
58751
73175
92160
60063
71383
156802
41155
160518
43620
92018
82589
65295
126285
46261
3888
90623
159257
77067
11088
58613
92684
67500
36759
22891
115257
55724
94755
160970
58157
36517
37482
140977
119587
107042
76464
98823
115850
65459
138669
28050
80880
99844
150347
10885
61448
160983
42621
33900
86351
161227
101586
152515
129371
38844
65892
67415
40373
72428
111153
16601
110729
38255
119014
60408
133867
297
10460
57551
149887
101619
81256
60151
138468
16576
160138
5189
11975
84121
29491
8945
75298
13235
93793
89643
39626
71105
3285
61299
134282
157101
14187
89870
6934
118645
137503
157762
6555
117569
135722
159765
133332
130708
26595
151
155705
82287
94236
91944
119779
112502
1400
27584
82588
128389
39728
126421
142431
148669
7623
47584
102104
65885
150482
125276
11381
43646
144678
66300
7508
145365
86965
160649
124421
119532
61521
46584
77984
139789
41103
124713
73437
48832
105630
68137
11477
143600
16929
93658
89331
90691
128912
56338
73025
91895
123532
1283
7829
27039
124395
146339
111355
92177
83405
110773
91333
78502
10724
136692
17177
161560
38919
12556
76660
55250
59075
109895
8450
63859
77745
105530
86244
120922
18896
107081
161352
160142
28730
100397
140912
69396
19508
35699
158019
136257
106901
82895
29509
19267
153176
46987
27902
51487
6821
126401
64100
35886
140603
7152
66408
159745
81934
22438
100250
52453
126369
147527
96442
69827
16862
120410
35560
79373
104366
15875
17495
29974
54656
137883
87827
103945
69432
60934
103647
29640
4426
73745
129591
33240
44455
114539
43886
159764
133575
111412
94672
17381
137056
122987
69063
78795
92365
117030
109178
39556
22759
147089
89108
55598
106256
89738
111001
40164
54192
130645
12910
18156
106417
124587
146636
92044
9943
149099
159265
37565
119809
104108
78431
102348
2614
21077
26364
98638
96742
79396
943
12749
122538
153425
113676
48750
130809
98616
11935
131639
65307
11963
159977
83769
138106
65844
43665
59337
45395
85009
18992
133751
97710
143436
144096
19563
6796
32392
96504
16382
40270
141397
93752
155260
34093
78088
101795
113487
147294
53112
68658
161268
154489
11379
149553
142113
42034
109660
35897
109631
107509
38005
18769
45885
111450
90392
28078
115057
51751
131339
105647
62392
77625
8543
63215
38349
130105
7114
1174
126521
88213
104058
78181
10040
111853
40608
12995
78585
43828
19495
44945
80717
150350
102562
86841
67658
95945
58198
65780
147199
59134
153621
155813
27201
46084
93757
38409
38277
143186
115972
158988
7389
61193
2581
97774
139135
139175
131185
105307
121266
87867
974
103334
127120
114475
140902
150222
10483
56942
153143
112890
128885
110603
97523
110316
70631
108051
90696
147840
1743
54833
112385
46173
24347
21842
148671
70722
20089
26289
145108
158270
4410
8534
12200
63016
118294
67538
105060
53622
57487
16309
22557
129161
17211
104823
85897
112801
120193
139609
133890
56830
31529
61140
109992
59872
160870
157793
91525
13882
42622
72020
14746
95561
72849
159551
74301
75415
25802
53430
24517
46212
149566
88264
92776
155332
156160
143061
7513
120267
98623
127500
66711
136574
72223
99907
40341
96564
104214
103701
75808
97491
98200
133633
3676
130079
3743
88495
87084
133156
61337
93764
144316
35129
67272
77495
138528
135842
119224
12961
60729
93549
129350
100623
139628
7426
34861
139455
128547
57046
161320
160006
115710
136754
43108
88387
95565
69852
31867
41549
89456
74923
1559
41368
58661
33463
26750
53212
127984
76873
6672
35399
128691
105326
68259
79815
60936
96844
108293
146959
125843
133735
40751
150861
104139
78604
21164
14795
2080
148601
34272
0
174
11696
60949
98299
77201
99964
27454
67934
90843
151349
105722
63761
39482
33165
60071
27979
131796
99893
10676
142878
9387
91706
100427
36783
83858
28316
61086
35514
52459
39286
44614
131798
125833
29369
75295
2775
16642
31686
59316
31985
96364
72351
135874
104504
25008
39540
89934
132039
52245
113231
97061
128280
158293
72305
22946
9431
66704
147979
96264
40833
120725
64459
97993
45635
153962
11353
93158
107179
66373
75364
112553
27306
83844
129629
43932
53137
82400
81147
99189
83836
6756
49980
51685
82301
45419
108651
5194
113650
38722
68466
151488
75935
97680
22230
14281
29461
119812
161536
75786
93501
22115
71578
41616
113630
53017
131890
93529
89011
24831
46658
45091
151068
132920
128977
19418
64086
10074
128919
128994
124000
56350
132614
152729
111403
156635
40334
273
93469
85217
56967
143057
103972
129426
15795
107270
97835
132572
18284
119826
26234
48767
31708
104204
106990
40156
11400
75369
65489
35962
20604
150507
16119
46547
3910
61426
138919
28852
52811
14910
155669
153391
54964
81169
71011
2464
103493
39654
88020
79117
71573
153727
114756
126397
5522
40374
63093
135946
34052
19392
21813
36498
65174
135201
88258
18624
68386
31928
139570
26442
12987
53165
41472
68976
28135
54329
50446
14113
60212
49221
96876
95
10641
146301
108677
12324
81146
43529
157377
143568
18287
113610
48626
127615
154779
64206
97193
1731
149988
101685
46325
97504
157366
18767
5769
285
31692
82430
55128
25680
98047
161544
60543
40579
3181
67355
8308
80960
18673
106629
91833
81556
89828
139491
47682
144001
81904
113007
120672
56505
17362
95321
45630
126970
51440
1513
1484
94254
2663
100640
5670
28428
52273
27537
72778
91453
150748
103671
134410
25778
24536
140857
68235
29714
86123
98668
127805
76431
52833
26496
103243
44345
734
27935
8855
121368
15550
157286
40760
96029
3863
89711
137917
138498
84393
124960
74042
25054
32596
75743
115800
55036
3681
8299
125936
98445
153402
48350
46099
123398
12657
121398
52035
1326
160485
7685
125769
6612
52425
25578
1580
88125
26754
121588
141728
19384
23014
43199
35255
63211
44456
129863
142903
9552
52054
81189
94566
94200
159534
132657
126964
138680
10060
42343
150737
13136
90860
12675
149271
111462
16799
93188
72592
24593
134996
54891
112587
46605
99989
43923
128052
112258
8283
70714
119346
74367
95452
27634
144827
61874
48677
94256
68807
111326
56831
145512
156718
15928
106646
110632
99429
31914
9160
145184
80777
96411
106842
121020
125765
93432
54661
60721
82853
56501
29610
54080
28666
127735
157646
46204
84418
22921
42367
150806
156414
39388
62824
97671
110710
28715
147414
18547
13211
79934
3159
85387
119094
60586
19360
13257
8727
40628
22238
160429
33239
10046
80992
122515
18154
8775
40876
146533
41596
153853
115693
52998
113121
129197
148157
51281
55144
124456
146433
10665
150959
21247
36704
65486
53654
53729
127471
34181
39181
69752
132283
161191
20547
53583
10274
117872
88770
157197
35647
107929
78254
152460
130001
119703
9639
21314
33850
52921
18185
9061
102825
152627
52178
13381
29375
69429
43253
16084
90379
100343
31569
57368
89948
44360
149033
106732
18799
60735
15080
106633
91849
43014
121840
108683
121185
141091
146491
155321
134340
10185
145896
15508
104030
30053
130157
88280
11046
35350
63404
87188
2609
157136
4020
21197
92932
155829
114880
51375
82100
159897
97390
45360
93230
101413
126262
35253
37052
65998
6385
2893
36692
126492
97111
135108
144751
81767
82026
56348
21743
121059
64668
155091
119053
5719
43678
87105
39028
85610
123387
129961
135571
58702
122742
113139
154802
118052
72481
146484
91907
124832
147084
147353
92290
149619
52905
115640
157755
56032
115048
78574
10940
126020
3035
111612
79174
98849
29218
76940
51380
84930
13842
148776
5620
51829
40089
74384
41305
73790
42106
11475
80582
54311
23360
44574
37777
107826
66439
159782
14743
41313
73817
144549
12291
52802
65380
97247
10671
46487
84831
57436
86508
144738
38118
22139
77248
139674
38606
141504
8709
148060
2813
100222
68599
82848
25437
47602
47603
127544
79664
101935
17005
109635
161155
87411
65300
107473
89967
27933
61119
5525
158025
119431
36989
148130
44132
94508
158326
89335
89344
157891
31757
124491
42019
99904
124018
28433
44315
60910
83738
28321
50569
108930
29723
126768
22992
159309
89164
28072
117910
61422
97845
88591
9098
127219
146394
26084
75750
85776
48354
33844
138233
47377
151489
15818
57141
81569
155320
16224
18015
3023
17987
117098
93250
161378
75089
75060
26478
24507
74561
701
67764
62029
5791
113962
37337
70733
34723
104023
16967
161382
57367
73979
94032
66624
153809
119545
151511
143422
79773
14506
107018
59318
123600
96117
142906
96936
20806
136925
122579
40070
158832
25029
65473
111440
121000
68042
46398
38544
38796
122061
134242
22345
43548
76448
85681
21606
5142
25953
156204
122727
143511
287
107698
32654
59219
14876
125085
50656
50638
81170
34731
62468
23994
146075
22090
38969
126326
12867
134796
126620
101843
88630
130226
151146
154393
117007
157811
135127
17438
98304
43604
52629
114966
51569
98613
114869
73876
72639
73935
126859
113180
47774
116549
133897
54232
60368
148421
110569
106166
20862
117166
134835
113591
54256
69470
82316
98361
61374
65909
115341
104694
149822
156850
94686
80919
107922
46817
106212
65263
152510
46215
120747
94047
75690
12019
77851
243
5233
124016
147131
94848
57274
33409
138061
103465
129869
82702
128875
103540
147653
1029
117645
57271
108992
46208
39951
130087
38364
33279
60269
58316
12082
91059
60541
42852
74547
53220
14221
9329
158263
71032
156038
96645
115287
52204
87957
148665
121035
31562
45741
159394
53747
101703
98950
54014
109997
150865
13025
78775
102936
127452
79648
83726
15767
32020
107410
123882
97865
126307
60521
8729
72328
85398
101563
35194
9527
43840
22449
39779
155969
111241
49967
149176
19700
132703
30014
9201
65391
69706
18356
160407
15461
113104
75453
74091
18815
9406
11165
108009
7939
88433
141774
138619
13162
84029
29241
10755
5238
150946
104167
99839
18735
160682
147
96320
82021
100376
112053
131842
39544
70565
34614
130315
28726
131493
91260
59690
36274
23606
107447
90944
148874
5884
120058
55882
36856
138954
114761
26374
89393
10703
151375
149245
80092
113357
129566
41962
6428
20447
49585
135062
111082
31532
61281
125216
75742
3877
123085
36092
140812
107424
88180
13008
102764
32041
58220
49198
792
157370
40121
71645
147378
119216
60827
784
17305
136894
126045
77946
112402
128169
71708
86479
36774
141576
59366
4616
44729
148821
52776
160671
149094
7303
39651
115543
52602
25996
15432
107199
781
109875
76306
50303
4165
110444
10756
122354
12758
149550
37435
14593
36587
5378
44495
65506
146265
8629
134086
57180
65397
90888
47807
40585
37210
138760
34347
62290
17680
120823
114106
88660
130534
58486
37314
87574
94915
129893
143944
149414
12980
74867
17597
84468
115210
33848
15859
66002
37326
38619
141408
80899
125341
76924
6790
86202
61919
44396
97389
21166
93259
88064
42603
16615
67972
158614
21050
92865
154775
113827
28118
31818
108917
95958
7621
36649
56510
18541
123590
145029
89830
69328
104394
22548
157890
44295
37978
67561
42207
9829
9821
37400
144005
28686
20807
14177
103910
7263
147632
67780
52119
41167
10633
156522
145324
5531
140501
119979
121066
160061
79255
7954
26014
34634
64497
125855
152595
74039
9936
86250
147354
1989
11781
145269
86626
75763
36631
102670
87873
125104
109708
126083
29770
54339
33616
30854
130107
42844
4397
137388
1437
8465
2068
148318
154854
58649
100469
100806
133488
107745
120899
64292
66897
50280
39174
47944
94490
4079
147736
1252
10251
158905
74219
80618
145831
28667
33924
61323
140250
5181
72414
93076
11457
88740
44116
46910
126931
79576
92663
140357
107492
62060
110381
136559
121713
57569
95644
95762
56973
108137
122407
96422
157132
126506
89236
56557
37867
67370
77720
100966
28420
144467
153711
96095
77192
120004
30057
54791
63597
86440
124068
37875
102547
119304
138429
81376
9586
44027
73823
5584
126473
15347
51155
129053
130616
77918
67414
149949
6260
55543
59637
145460
38705
90305
5382
114242
102843
34610
51383
32761
43734
46108
41998
76995
76867
111337
126613
90878
44118
59488
91043
149140
58136
89929
65751
30702
152938
120773
64094
103487
2142
1605
63491
126199
80319
88386
23624
73937
127204
1255
7666
149581
23179
82948
25784
90195
15093
26672
14574
73423
143533
147309
156583
50093
13037
118731
137653
80626
154894
71793
160690
157081
138853
157637
113160
146129
45555
21820
144779
15105
80620
68129
150928
33476
104185
133795
132457
136951
95521
152274
54085
2949
111562
44549
35800
86322
36319
141054
90859
85494
106483
36988
91757
18129
30043
109476
125818
44416
50726
104566
148486
129748
65323
17573
148828
101178
14850
114990
147329
125147
3267
139840
151012
23415
137358
147443
119212
68175
82584
24736
112636
8137
64178
159786
96107
12838
77827
101286
161253
12609
16210
112265
94775
81917
47457
8696
44438
123918
61862
144213
59443
122079
116877
91884
115078
87155
125328
6692
13773
119115
138162
61927
138216
42901
72737
151879
149993
28972
68028
12812
6666
1281
7823
148642
75354
122337
112332
81622
53368
114477
76572
95757
79218
7205
159910
42395
79371
13249
134630
146497
130400
38916
66976
76705
150438
52217
9997
18068
139145
90995
76758
113224
136091
35592
145994
35404
63485
41706
96193
18739
105976
41512
106268
102238
70113
30678
88333
3462
82015
62002
72820
100248
35866
57434
901
126564
159097
76203
98312
88414
58289
71612
45562
158883
146892
92940
121303
13437
117862
57738
103869
17379
156741
40953
73119
59483
152184
156446
70497
8842
40038
130853
81105
149879
150044
83724
76409
96615
5371
26924
49837
135955
10866
59638
126967
108195
55098
151635
20592
133023
114943
44437
95905
18102
121686
141882
74598
156648
70707
77079
74704
124251
78094
103813
148863
61430
92664
132591
72595
132522
3120
34665
20321
20551
115729
132741
139583
88309
117379
56592
125535
136366
101757
71286
40413
91892
69585
142609
18598
23571
161343
90806
75722
53097
32681
73879
25545
129261
157362
144964
60875
134523
130744
63554
78544
160816
157614
31651
115862
53217
39639
123107
44264
18274
120628
65657
92708
7415
2535
96368
15067
156078
122114
100026
139613
14764
34664
114739
36248
159355
78315
8250
67957
139853
100740
123339
23527
127322
123945
71673
157209
135522
89519
138943
98497
68512
112300
7155
12071
153123
136727
129558
3650
77706
146326
17940
24969
82653
128844
119433
161439
38942
53606
34138
13321
2052
125852
51353
67804
35521
154047
104574
161033
133375
19055
71698
28264
38055
81965
52065
34845
122272
67321
59890
13636
44043
158766
145283
12063
148475
85957
68946
93623
127228
636
126677
41135
73477
106069
124249
72334
97445
119764
34506
62175
46597
373
113378
55622
11756
82840
96732
161464
88593
141748
20082
136179
18216
101582
92610
136522
52801
61284
129552
80433
111170
94387
53278
137011
66694
148493
141527
77928
95706
105888
101333
73813
93688
89402
94397
91875
49238
84936
68545
106708
62409
116368
8705
1863
8313
72602
91152
53772
81000
124550
85380
94271
82993
155951
43789
145054
44075
136410
71947
240
152013
36652
117559
141469
52904
107543
81935
103480
79956
105519
121823
468
48869
138948
73704
101155
125385
5512
27520
50815
83901
52742
43605
85213
118638
59636
7280
31599
38268
8902
57137
141986
36554
77329
8694
53292
137479
154426
8760
28057
131662
26130
48614
110272
103780
39080
155235
34108
61573
112350
55612
44316
132062
104939
83311
129346
123917
53934
133430
147032
72643
91200
133593
51284
74967
39678
70801
18914
111776
44943
123113
36990
68116
148276
51119
151963
88411
127685
2459
76891
83588
27880
98452
26785
99988
100239
103702
148382
21555
94821
106075
136656
16518
3184
25326
96028
153474
57019
118308
58843
124175
155179
79297
152855
117023
107717
99707
26648
27003
2574
20098
11816
96389
105700
145427
87258
87260
39524
155016
144128
151501
136413
36530
52897
13234
156692
81973
76291
157603
83154
86599
102887
11053
91332
10718
159574
16289
100707
3144
2255
126846
93372
88506
49890
130606
28097
1277
64671
148403
4146
73999
26961
148074
498
63776
99647
12165
109839
76011
155569
63239
11589
62450
66605
97550
100442
141695
94265
159849
73895
77703
38081
76692
100685
123074
10539
135686
32938
150030
65198
63622
99689
18963
93499
141582
124773
151240
85640
119708
137350
16219
76316
18618
26296
48854
66305
144116
35469
62460
23342
15622
18609
94483
42071
27869
36609
52588
150466
23495
80353
106389
90375
144921
26779
24065
86969
68303
28317
58735
82636
141511
15867
126717
112679
128801
28928
108502
107531
63178
104233
79351
104281
111845
7678
72994
103022
22201
136024
5710
98723
67797
125123
73846
44326
130570
13453
108890
111901
46721
41730
148029
39233
144420
17020
159972
131824
16941
32231
145557
13451
158172
8471
123414
117660
148401
35339
138157
95117
98347
2747
41370
36405
76079
71299
119472
78983
103318
11849
71483
156942
115913
33799
90190
86084
35492
9215
2994
28214
107589
51962
113259
129409
159448
84257
29033
31872
98922
29486
150834
52306
13119
141918
146719
23259
64847
96675
91617
47737
34557
120203
134944
49017
17993
40298
89310
6451
71917
135403
31122
26255
35682
67190
118544
16748
89541
143813
94895
77529
68870
12073
158067
58714
37836
82229
79142
12436
97894
8563
78840
150605
103263
70908
65014
63888
57541
119695
96443
121412
157447
90655
6686
57925
130490
51229
7687
120633
123878
130755
13924
82698
43993
133809
118764
115891
155601
94532
6594
9347
9856
59852
141668
146925
16749
71450
44523
156124
28759
13260
106404
123693
70967
34501
62166
150572
11687
63458
140061
62791
52707
126850
16107
87194
153347
19340
12538
100207
50986
74555
23422
18061
117955
55670
114207
130712
2391
14303
106200
88311
118147
138633
24084
8052
52163
125071
57315
140110
73044
118658
98227
127797
85988
120322
122807
143635
113222
104411
127368
38497
110713
90412
100489
26384
20223
27034
103924
122210
4551
85105
142974
62324
154626
81035
88806
155256
58441
96293
110853
69588
72464
47005
80172
88792
18120
10557
103659
130317
23272
16030
67318
39311
51005
48958
129959
10430
97333
109723
55557
48865
66395
127767
146975
142982
129794
80724
71258
3587
95738
18707
20856
145554
22786
124938
12506
115656
102181
54209
87525
153355
80104
30021
43830
104852
121452
161553
159592
129050
99780
119226
101756
138832
139618
28380
52201
132234
120646
58221
127104
101463
43415
110117
121759
27204
63430
125559
4634
90874
8628
87728
41084
73389
68409
80747
82618
4001
110115
119579
61631
12098
111158
124944
30550
27213
71683
80568
16845
93384
88519
128938
6556
31446
151369
18779
1835
102440
41106
50802
158427
65235
123907
43145
10077
146038
32085
58276
66194
41402
21154
64101
490
68958
68619
99908
17117
71997
14926
94788
110655
157537
47394
67723
613
108067
21999
37424
105369
155245
122319
67432
7960
36662
12678
77054
160640
146148
20036
25840
129625
35496
10943
60731
5542
90461
8641
48479
13916
15429
42080
89667
70051
39533
51386
158292
119959
687
92070
140262
132299
64567
3686
20525
28657
52590
14704
85551
51667
158009
44179
145751
119640
15895
39596
80649
121346
161391
85242
118696
59789
40976
60568
136285
127711
96378
103035
143611
143284
150581
80438
106621
98404
130271
66245
44521
11792
86877
127052
28465
1706
101857
145731
10716
79044
103450
160553
49548
12952
150227
23877
32525
5383
49935
115802
26294
132902
125134
139134
131182
75437
138364
43933
69184
95694
78343
37843
143294
11920
129338
15128
71093
159629
47769
136508
72363
101379
43095
83648
57697
119950
122309
67413
48710
105013
28155
14937
2261
13682
81739
54455
42009
80196
85842
61959
88067
69232
143189
95860
132694
150681
28627
65314
10635
133170
107562
23838
121591
141725
34600
96489
64912
144240
98132
25039
46967
18877
51843
62543
132653
43612
54255
133758
124629
73228
73229
9514
101535
112108
125788
12361
16982
161006
125007
81814
132269
105349
31919
160630
61486
130122
117290
14305
84205
29756
21458
17432
95538
87072
44127
159588
80514
117753
29528
32034
133427
15806
120469
140085
124545
99970
43411
4483
67283
66410
40826
131914
5389
49958
22722
140776
155787
1185
18675
58423
4599
44564
80271
38039
101255
63111
16226
159147
148908
5970
118618
68218
113099
127093
123122
69357
57858
24133
76281
68608
83527
67292
138585
27806
52612
40075
89326
12088
53653
142350
4677
130780
107873
10721
13570
14181
153864
90477
145878
80566
88073
152211
60448
257
138752
20900
20898
117353
56759
29701
30812
52964
56877
135180
18153
84237
102225
132952
98688
41258
67442
61727
46808
48878
16328
91717
41835
41726
113782
144129
84890
98568
79947
105501
10650
142918
65582
52605
63891
66995
127458
134780
56416
96521
106674
64108
31750
66782
92289
75104
81097
4392
51036
40337
28441
41119
155853
70752
20378
51141
106233
56256
76745
141944
74573
74793
147743
95520
100267
100272
64287
130557
57846
41907
5837
1511
72646
57415
55561
114019
130438
126577
83071
48659
45976
74463
461
85389
25899
138842
12056
73766
93539
150107
4785
130680
12991
81460
148086
94733
8663
87284
153180
39581
80115
54709
133902
104547
81419
142629
77015
140597
138627
30929
53459
115551
52625
59452
156224
83975
119592
24270
134467
38506
20971
12832
49276
81470
90194
69055
152217
76186
73974
37970
90161
111276
77917
101454
125793
8532
123568
144984
74248
93490
126496
36361
113605
96505
129320
122441
78417
56199
16121
133183
40292
104255
41432
101882
26743
160909
135809
52600
157996
89852
132476
9368
38041
48114
118165
58458
100827
39744
121267
65090
83267
133549
45495
83605
94656
82343
111263
110704
146360
74814
8210
38036
67656
21016
81537
20994
3349
154435
122801
123864
668
24678
117715
106001
1377
37743
67155
111097
40956
92094
48520
147382
87358
97423
120388
87066
54045
149159
50508
72809
84544
142474
87932
3072
8699
40475
151919
138904
124424
33668
74340
79041
71172
47268
135897
132177
55247
113449
51265
118286
142326
53716
110455
121317
38594
74638
94100
90847
86941
122715
90125
67674
10378
145748
18687
13139
79484
104595
81565
32297
58644
122231
111423
132
103361
61832
152062
40524
98028
128475
7351
139230
16647
99619
111591
44377
104856
123098
69311
96451
135067
26840
79012
113294
48003
53400
94183
4705
147305
161293
159825
153147
36614
121854
31380
106922
97110
121583
35266
113480
112266
145374
52775
118008
94665
117848
57692
99434
117954
6409
132066
160877
43204
36566
76183
80187
151679
16888
134312
116541
34351
147468
1023
61520
65715
40
137889
41925
151315
65937
138723
2498
14838
101592
8424
28837
29576
37237
29983
54684
150532
103056
37034
80883
12270
110341
23204
44353
12023
146884
125851
81838
945
116882
55549
75362
151837
6241
116833
55434
58082
121580
43809
47897
140474
89539
37200
85877
42920
16545
84238
64647
105981
11904
9205
26180
45954
2876
78
6193
127030
114119
52437
153223
16014
19524
146977
11360
67106
27305
131094
159641
157719
62391
89498
57915
35673
122570
79337
12523
148877
8985
41898
77558
148842
100682
114308
9261
74206
108265
91825
99409
55389
131769
16784
93107
149298
157485
149740
9009
84619
75871
130842
126499
76246
98380
107963
75821
88883
22577
124776
59537
109361
50585
14625
85179
110786
68735
142581
135734
21246
3750
20671
116415
117347
471
44347
9115
42547
15563
74646
40600
81354
70517
6390
126149
62811
126566
149344
99960
109140
113209
33883
28637
132450
36983
6169
116660
120052
15660
118914
95393
33359
41131
157133
43580
89340
56869
117813
48309
22767
13531
81347
132370
110504
86156
96300
68853
140180
122690
68336
66393
57875
100700
146004
157472
78700
110677
122345
33932
61340
73018
37892
84479
30549
32465
58884
58883
122605
7190
5507
43455
121315
130844
140532
131028
82830
113051
72301
152514
120948
65205
106675
130267
67570
17756
86701
159598
32549
137044
141830
86405
121320
63527
107185
140016
120973
131758
71272
160749
88566
63465
115665
159011
3097
104591
32152
136573
60859
141387
71415
39857
19256
20336
54253
44388
123814
90930
120833
132680
111995
45430
83223
26647
17018
39825
145310
3530
15851
89522
149718
59081
15652
88914
71608
157021
159101
130683
87817
28102
27078
130838
84089
53680
59426
89931
113773
23550
39224
119302
13314
90316
28766
132571
18786
90321
84481
33902
160979
40209
106449
73770
89484
133
116472
117938
130927
88755
8602
123823
25455
104751
13475
13474
30370
103915
63850
72427
55715
82590
69111
143921
31711
57608
120587
56607
115667
44424
21987
43200
121298
86572
1184
62127
23897
120401
61859
107118
32851
52750
157520
53016
116961
47970
70763
152323
120202
117877
3970
21290
154747
43816
67133
155800
22576
43793
91240
43286
90025
157496
107112
19209
46974
85499
61182
74839
76718
6347
23078
28600
48559
108403
132098
127637
71963
35248
11153
100403
145877
140341
49348
88460
38248
67995
126164
31630
77654
63286
45971
76615
42440
13910
122600
143292
104263
108160
68193
128796
129358
64828
21670
19900
25090
109104
94207
119691
91782
68712
49687
20701
54723
60476
42500
134889
112617
83746
127096
44968
106846
117828
45625
88727
15005
86397
141329
43400
23203
114711
31885
57894
148810
115603
27793
132529
8726
40629
5487
8882
150996
98955
70672
4940
81058
20034
96734
8321
143701
107949
108787
150796
12618
56341
128215
35354
143774
61460
95114
90576
43808
10818
52039
4039
110208
17774
94732
123638
70785
35336
160277
137722
130247
76403
20432
98803
15285
35995
41450
20559
48232
140053
45671
55703
142317
15917
29427
133294
81862
38233
43537
61455
100846
22564
120024
13701
7147
50639
77930
93435
8876
141970
20543
17526
59968
134484
130602
152384
128506
24356
147586
60140
43509
88383
75185
70475
38331
12890
9953
110224
34835
41734
2665
35651
62266
118050
119641
80262
24218
12884
120454
55627
70773
28587
140767
45584
146889
72416
148735
88193
40006
19566
86296
99686
90685
95620
71577
26860
126178
10235
62728
14862
78168
89809
151298
64848
108735
18305
152285
7380
81668
61536
143802
104651
146546
152262
32076
58265
18949
2128
92438
110852
144222
67878
28350
20292
80822
52877
3337
53636
146103
5664
132211
15657
79251
90402
129822
10222
24120
125997
153418
95061
98069
28561
96
10479
99457
19543
28940
88526
120652
28546
90113
159622
46734
53913
61365
156460
114864
126253
85740
34527
123396
28167
118620
29665
75385
102682
32790
12903
101637
44025
62643
49708
25317
137679
33241
28973
62532
58756
118023
136385
42102
102201
4476
22864
103816
17853
36669
147011
46881
5358
26880
52151
13923
82690
25099
56451
112744
109176
150462
37086
107662
94215
63576
141824
106788
118299
132584
139735
43549
161063
135240
54557
23889
74225
120692
5654
22892
131665
71843
27827
131628
102870
57651
151962
99
48828
109924
29585
38738
33911
5767
79294
12929
99857
117841
57676
155389
34740
42951
42723
81903
161002
42687
20967
31528
16693
48699
141758
92364
6042
139765
124156
45335
38632
157114
60771
94562
22803
119878
139178
58825
38197
143171
43852
159563
106054
118081
21019
31964
47641
85360
27083
110030
47065
145528
64203
126789
154701
133192
71910
155339
34547
91497
150922
19110
101770
58143
141216
145145
93007
30359
65279
24171
70401
154750
17765
3807
157937
17016
63363
47487
139838
64021
52083
143983
22001
94228
121010
64344
149313
116209
81975
20567
18722
156348
117669
9091
18325
153289
22320
123692
110849
65435
21702
86345
150300
10748
136505
128409
140856
66644
79691
21580
38866
155299
136198
98797
115748
15365
32384
136857
71310
143538
104575
20929
31309
56964
123040
44182
2210
102578
20002
3221
39999
9720
128519
52315
161392
86275
36108
75872
22277
91672
72033
1866
128987
140408
76115
36458
66827
76297
5417
58068
95229
159200
76815
6557
33687
48916
138318
26566
57428
120789
99711
33257
137931
21451
141703
44222
149273
99784
122123
21674
35894
140610
125848
81799
21980
158070
147462
236
104541
97234
109615
25085
24760
46565
46806
9415
136497
103891
144047
23775
88230
7463
93006
134134
137080
68996
151903
148233
3538
145759
129929
100120
140134
139084
67609
115021
50615
137052
38640
43206
96750
19370
120138
62707
121540
34130
86582
66198
94701
939
99322
137472
33082
124238
101491
28513
96864
59706
119997
43373
151330
118408
44325
157432
100224
9974
106830
161543
16676
150479
102330
8828
3195
41092
73411
62702
55497
135676
32902
127821
96606
13420
46570
150708
12130
695
47405
82416
22829
72633
63311
10092
145136
155692
120664
140385
124793
8639
146052
64015
21009
136247
29534
133438
117536
116049
31539
60573
133288
142178
138283
110912
13628
47117
5880
52280
109479
139365
132866
115546
146545
43325
80362
146470
122777
16532
18731
8476
70169
89379
32457
58871
157546
100471
152927
158748
86018
10832
161423
160489
35078
148473
133222
119810
14033
110265
98308
101659
62301
140181
87313
96863
110717
127899
41438