50622
52599
83145
59767
104427
135001
66643
56625
149543
89394
70835
136458
82433
111356
112279
119481
45673
100627
37039
160573
60398
21337
107278
127484
141096
152426
24952
119710
58874
2991
2333
130331
124071
113210
143067
63548
43810
16278
132820
71336
14580
95860
134338
123479
32774
28824
61009
123112
54331
95771
61368
140081
49631
132518
62470
104524
104115
78468
48173
121278
156480
49998
61392
95597
19062
156100
127283
60252
71677
135935
29592
51577
88599
96663
38177
155471
69319
127070
65378
130857
72282
37615
71509
12810
51618
65235
10936
157663
59932
94198
132346
6969
44181
51841
45934
126580
142731
68110
138142
62676
13376
115966
50951
65433
146399
150448
140235
118643
17268
63605
89610
102326
45501
94565
160481
110494
51602
65336
114440
50324
18972
93873
45247
2840
89298
13147
101103
12911
10267
58188
38898
131803
137919
107633
43761
96415
158068
13743
103103
109536
88415
69033
68609
96857
156411
58371
157497
128485
100809
51313
54617
74979
67435
50134
98250
98015
64878
135503
17314
67606
155704
89084
11881
105927
25434
128091
43229
87771
33479
94337
108499
103075
99884
403
41651
14334
137801
95174
136027
47738
68904
135771
59010
102999
101269
2182
29001
13771
103555
67554
64546
142034
89805
150631
115397
124874
120271
38210
63096
81887
45372
61444
137884
109779
51802
138696
128146
84821
157492
50013
140860
140861
29450
107670
155888
55497
12039
149360
98047
150277
56118
43928
132193
35245
107387
78141
57589
7489
121287
143506
138471
122025
10970
138369
93152
149441
68647
155432
110481
61185
86372
111800
151887
94361
126723
141626
2156
108524
104044
9752
157815
51346
124730
59489
91958
142879
102063
47612
18926
94413
12862
56193
152211
138933
38695
62597
44521
113788
160713
89130
14028
19288
72595
57177
35570
72298
30700
4576
9525
57561
109974
54082
82977
141663
72074
134092
96656
129019
35982
137163
111830
122246
93706
158599
56014
128153
45978
144433
51040
59635
45168
99395
139152
51062
44371
140432
100908
51840
127912
102812
36867
146249
102965
30870
145782
141518
60826
42090
113586
87915
63036
111054
80945
104474
9280
157195
129784
125071
108480
42951
109565
115739
31385
104525
96849
139287
4326
143107
95909
10009
80717
113931
8960
8060
50974
21309
148491
136587
131784
145728
103136
67986
134309
151802
23398
95832
94047
132882
51012
50919
94632
44481
136951
107494
89487
143680
154656
146002
121071
124636
138769
51685
141131
50888
158372
148042
63601
7626
101658
98282
74011
158086
91623
151211
34630
74982
69549
18195
38639
133151
68092
127487
135168
63353
157592
94566
66501
2383
150759
88807
130233
107364
42761
55665
147000
101263
147657
35703
31818
118395
65666
147164
133532
130295
847
116485
50604
109896
156529
49300
143757
60562
97213
160827
77890