14430
61982
75523
14423
14424
14421
145422
43428
59004
34839
108160
129062
45156
51174
74841
161561
113471
143981
86051
147635
19193
25029
2748
7176
61651
139514
11482
143107
10579
44977
2322
20138
58131
114715
80311
22092
113569
149710
146953
67425
138853
146536
35668
111852
8706
60781
62620
145756
109510
61266
82084
130684
140336
17375
15938
11215
40826
61452
46013
143146
28961
69303
83595
70131
60320
78307
34892
10615
96739
105126
53994
63854
53884
142325
114875
55887
58982
106736
143567
67675
117026
96355
72316
28436
74645
157219
60575
132171
50804
69127
65417
150506
138546
59433
45238
140585
89450
140894
73450
38210
102787
17306
63298
127121
130759
49738
156575
892
38699
68779
57462
65543
19619
95477
107519
36319
58743
23893
101929
38693
103007
72280
52211
856
74610
47033
144424
47869
61656
33650
7434
82215
90748
69830
113403
18227
95839
32762
7614
106057
3699
63991
138768
145630
47484
59397
136482
127555
57745
75838
92280
86866
74110
32172
19115
68638
145206
79054
12059
24261
9486
66297
72134
53741
16785
19871
44309
151679
159541
78981
103318
96970
66950
54134
85265
137101
156261
61146
154381
145766
139962
122765
56898
106037
1683
160525
26451
51721
107926
152195
41450
129808
26539
232
150311
41739
19937
1175
83585
28745
106408
146658
97309
38115
111808
25
71553
77497
142820
126895
98011
130364
119965
143511
151873
84015
87440
97759
110022
160962
62191
43380
40390
72130
128299
133610
104624
21854
98761
107727
106811
52626
13882
130118
65654
49865
103437
126523
55353
9587
35199
43109
150627
23687
145831
118695
146686
141787
101953
64372
139267
132106
141511
63525
79438
11419
32831
129606
69449
42626
48457
11730
34381
16796
68947
67103
124287
126362
113383
133351
5680
132340
75215
46002
59041
10641
86529
48459
192
145698
14211
78250
70316
111202
30748
66743
63780
138865
141981
16959
101057
134908
32884
117958
94983
119396
79942
111308
105020
132790
69978
86045
62231
13956
81186
41726
30213
156175
34703
107806
900
28676
112283
62679
2704
108804
158195
141418
10421
72645
132810
38085
8307
35525
152701
66352
9406
44593
47175
153984
106838
41836
30300
8711
9207
140587
138094
99713
89713
63667
130384
158544
46578
135186
100908
74337
150
134587
107385
151751
131892
4581
52773
62036
45882
65797
45967
3132
139434
58237
68025
147393
98765
78700
328
71622
20258
130965
49195
1397
140004
80900
148839
17086
43252
88036
139055
62455
143757
138522
128355
106016
1981
33790
46442
64369
116270
88599
141416
100546
140091
46146
103727
91705
72063
132651
101825
54262
73993
36946
132015
62006
145668
48496
106801
12558
148981
83321
148620
58393
31426
108637
84002
68650
134745
80902
98012
93979
96963
9561
83628
16951
18877
61942
119619
57178
36642
140903
18736
17314
74874
133760
7836
42099
97462
27444
68507
50090
154186
70950
153421
59225
13445
26046
141696
20157
75694
81035
37713
54746
63853
43463
120218
149803
34174
77800
127005
130482
52150
12576
73209
154340
51397
29677
60674
47366
113802
39691
87961
146659
147413
46956
66812
15593
22548
109905
52786
127645
75120
90799
133465
8560
53104
58943
98540
5856
69114
152334
108360
119088
140250
140453
144311
60937
133794
78957
98070
112487
115421
15485
132769
50008
41549
2884
55559
19269
54734
67419
57697
65843
94829
37117
139519
34904
95851
70317
115409
131425
71976
142361
128648
54558
73988
64109
115271
60973
97000
128405
71437
5532
44390
71650
42643
43439
52278
52823
108499
25009
39214
61210
26564
159398
2384
120345
139888
115562
44448
132880
72197
140239
27103
116780
96388
63031
157192
51940
23128
9771
63396
65770
71794
92831
118242
105045
82838
22816
106184
117281
61844
23382
25007
151661
16737
153745
95907
37425
67521
75619
45870
147377
145053
128423
31111
32995
80441
137675
27633
120300
70238
157181
18460
87651
160195
145610
39167
60746
30770
27329
89090
130254
45230
87682
55212
89948
10208
98378
22113
90470
23663
97362
28143
104762
3387
108230
76160
47533
59452
124771
143295
43983
36808
64409
101982
15019
71666
23028
100490
109263
13536
142890
93288
115343
62445
17726
52665
61272
58239
144516
96046
610
19760
50056
81669
60525
134350
67617
75512
118392
91793
48524
138933
138654
87227
27266
87447
130593
72732
64564
45624
60350
136647
158282
57698
1639
55350
154134
88386
47093
6899
71140
54256
74322
132850
65126
63797
111497
48289
127376
142126
85514
144150
44842
61848
30016
49367
57890
132826
71500
33615
42561
15757
27810
129142
22736
32021
123742
116483
104636
83693
18929
97832
120578
77826
101202
96689
141266
142158
139341
142310
68948
49300
51853
67153
119741
28543
86849
158428
32475
77434
16281
100882
76677
55799
125144
95899
76432
1403
130835
61855
65234
132157
46248
57373
159920
49261
94432
62959
80562
33314
52825
80031
152415
25683
66941
155872
74251
137180
73389
140135
116129
85456
33645
94442
52927
116576
27417
93381
142242
132487
89763
72272
17240
21337
94680
128493
61493
90030
13762
137103
86443
128292
153356
49567
132683
97266
138964
19176
59444
157487
125637
55223
139216
78049
63273
23214
34746
107795
63932
155118
140362
117347
2505
93327
58505
58481
75306
45560
94227
113666
42627
154807
160058
88289
18978
71576
160524
91612
15924
132593
56751
117110
63609
113439
130845
136363
140509
10442
97532
106445
156989
51181
108576
48408
50959
147218
61549
62058
60226
88705
50546
14429
138835
17973
160274
152038
88723
112644
33721
56045
51023
114136
90586
101317
122760
30884
126536
52755
2730
48514
113905
130283
61802
157771
120048
93393
89791
144129
141185