135164
156673
119447
127344
88544
54109
47008
51808
126699
151400
107606
73860
28366
90600
0
124945
88633
103107
152970
127899
32587
59072
134666
68300
151864
136264
75840
25113
5700
41528
74208
63540
125667
79795
122631
13647
152432
48682
134159
47799
72054
3208
150087
10145
23394
5255
99628
22396
39433
67845
124435
57362
27130
51101
15750
89220
107266
120394
32592
100119
120728
81954
83044
105630
22459
61206
160832
82971
124944
107230
11900
51147
90720
12910
60214
97723
77287
7564
19033
110459
125579
90002
11810
141342
66301
12811
77701
8729
121072
151727
49821
13013
16337
2970
4197
136759
122147
142638
20730
30164
134106
129018
99682
59970
99145
88842
45093
33689
22172
38127
157727
15419
107151
131460
25032
33922
91208
77849
22476
39893
145403
96798
12453
84316
20846
30773
28077
128580
105560
30659
134640
88974
54701
24140
45748
132125
23756
83628
10350
56390
29175
155198
61977
101986
84810
74726
121745
5918
21579
17950
127913
133550
91418
78960
44105
94033
158805
119984
37777
46701
135021
44974
92415
154244
30122
86611
151945
65761
12829
42226
137593
159657
113101
99872
10127
62928
38731
90333
152378
36734
3028
99266
31193
101756
7808
150017
37317
124501
71258
59597
81732
100639
121583
24604
98237
108025
23411
132136
142496
75510
141476
35187
91046
153801
88192
92257
141458
11014
104142
24819
137402
10180
159874
66320
35801
64067
8224
141683
122512
72343
23422
83858
68019
72342
27103
113497
42016
158978
147847
119051
114765
611
46936
45388
52422
33339
60362
66792
103143
144414
114093
49583
40148
3105
3922
127050
64660
82010
96596
155311
119766
61949
61952
108440
63918
40225
145802
157534
129318
100873
59585
68854
78944
146012
42888
63481
51423
68844
17097
22609
52871
49406
42662
136402
36391
6836
101770
26848
53427
130370
95705
101333
153129
25130
80981
15867
122162
45801
10027
118755
106244
113799
23255
121626
65871
138572
61114
101611
127204
142918
138082
42999
29629
59686
62540
63562
120603
63123
147547
28889
142153
59112
89637
87381
45129
152589
38839
149281
138409
67622
8804
95772
118848
153554
7095
44179
18964
3740
115247
62477
56462
71064
68684
126868
23659
127449
124871
83898
158606
69156
4209
91430
103356
110703
90456
41725
96405
161006
158792
87691
60985
41983
44019
52849
17982
57822
114635
100298
95814
120738
92677
155015
91653
128312
10573
81699
81592
137552
16637
92635
85907
139622
144006
22399
122039
95946
65063
84716
26577
7155
11463
87062
38909
3805
71810
157584
120276
49225
150331
149394
8289
160634
17899
113601
35358
71722
100437
120891
84813
140599
156714
146488
82127
88311
8534
94077
100955
124429
10585
73886
45465
39651
89596
116231
34665
115800
16749
122402
93804
157466
143593
80546
46889
20044
59272
32667
59253
21231
119048
60474
41091
146856
118144
139706
143552
111024
94948
139142
62812
104420
79267
12807
150383
61895
21609
12480
66343
68596
134314
143349
151000
81938
158363
152914
147336
24582
46312
26184
62511
14156
40128
71655
17121
158929
71938
78279
102107
100092
97103
90211
147759
1335
54984
47032
16335
76746
51408
71467
87923
41850
76131
98162
153069
61636
138619
137428
133435
112427
135851
38722
129884
155362
139266
24739
128377
125719
72704
29164
81339
37106
118390
121720
26343
148847
7057
17530
157852
104058
78181
10040
126957
74856
140532
34009
94471
149038
99480
32062
107742
57991
120828
147423
99337
153090
24948
85572
34102
76736
100241
64105
105996
140666
11378
13326
131978
90640
74635
6177
21190
125813
145767
7572
78548
112156
35439
14123
27374
145972
62253
81160
145460
75690
17230
5030
18820
71977
146351
156956
42088
77075
61125
105597
139974
2271
34205
118579
32083
136500
6516
35887
123619
70735
10917
155374
50450
132963
38717
9334
85866
61158
150140
10318
17027
25691
47969
7263
32865
18308
102958
149266
5978
75873
4297
59640
146344
74112
94286
85718
137253
123606
116206
43451
73177
14066
108302
36252
64805
24219
45851
98942
28911
132692
33942
61350
93570
115795
81259
19983
110202
47782
107875
123480
101697
138720
48661
86461
124136
101937
17988
40349
34664
27952
97925
111823
18599
1398
2033
12032
93058
3244
92430
84388
116738
59082
139556
62766
139794
136843
38020
11197
15730
147774
9323
105509
131942
63769
99349
117656
143715
114822
81145
54006
22796
41452
73034
146021
87140
123255
6395
30927
56240
133655
23406
135042
132936
18552
72606
159271
73858
60075
2103
6237
100233
107840
93360
59516
126484
131195
138305
126409
33872
61240
25294
19449
111360
139528
134423
157409
2383
105072
122824
137294
123721
145282
130600
127954
89700
147710
126114
90642
95256
6009
15245
156440
65441
143714
108938
59965
147333
40516
17091
92122
83105
55223
131741
20365
157270
58718
76373
96224
14016
48950
11110
129421
8580
87949
41960
107935
76249
21674
140687
157141
97559
113798
130096
186
155256
22510
123911
52660
68921
124580
146615
156188
148530
49018
75132
2292
102640
149906
43218
124827
148537
97973
23960
133755
71521
156976
11706
84947
151865
18107
152358
12611
2922
107691
63243
46987
120504
109236
113978
49333
147627
14766
1607
81046
102853
85535
116833
55434
68813
56124
61869
29366
69129
103433
4634
149864
101560
78326
143190
13896
9099
61159
54863
24712
90953
11142
82913
47897
30884
119919
93167
102926
91925
28535
100947
18085
64339
91960
126556
13092
103845
76704
71723
91968
156321
41797
118107
77498
9156
40232
62602
54570
18344
134096
10587
6310
126669
81032
104792
149523
69013
81281
113637
116254
121431
111852
62831
139689
125240
75971
111537
44513
148803
77492
8162
122174
80550
38912
109851
130342
4516
4269
4009
110123
152464
9590
34920
153302
151297
159635
52179
3617
109323
77977
12983
150329
10839
59374
16852
49236
134767
123998
130181
190
2234
36140
108698
39349
144567
121051
124833
73779
135900
90603
59042
38689
143694
130203
157959
91700
111036
155029
68754
17811
23298
113225
130205
126595
133712
153372
45473
110678
153721
27641
93795
158159
131913
85990
120322
108215
139155
143955
22037
62084
100643
135054
53836
113541
109901
82929
8674
118644
59633
32939
117655
107881
159871
153344
48292
72186
17895
85042
93749
32322
82845
95560
15740
76106
98125
720
119038
146060
38176
78971
37461
66151
103693
29258
108689
7728
120707
84235
161087
84424
46824
103049
69023
152181
43555
112727
8718
100833
39802
38027
9605
90581
74029
161200
90955
155351
88792
18120
69334
150909
13401
43706
155784
81608
170
76590
29682
96410
87746
59548
13081
79031
11966
9578
141685
126440
77382
120957
103510
125686
80037
105673
2365
14162
83695
77759
115164
161285
76242
158516
142629
77016
159812
21954
79778
79739
48434
88551
76332
5484
124357
87073
46956
5580
51461
106677
119042
37408
142244
148343
3965
60473
134965
40087
11159
74551
687
144244
82691
25101
32776
133138
91279
78214
155676
35614
102771
55761
7172
92792
155430
94676
113509
24648
145430
137406
25922
4648
44899
93399
153188
107891
11303
148562
23128
68106
133864
24092
106653
74778
51842
13485
108914
2676
135211
30063
54812
24420
979
138899
89533
136579
91612
80147
159906
5122
113440
716
3688
94389
100292
80767
17614
151545
29563
103987
8626
68414
1312
103436
100317
131325
48225
9504
43737
28830
92158
115675
53772
121121
6384
5542
93001
96720
73219
21211
58732
151316
41529
105326
106195
126971
4485
22894
42090
74135
113148
157661
17050
139249
91423
150634
66250
73264
131519
118618
44464
147007
150963
13635
81594
52494
65200
145268
86952
38528
2699
85915
100405
149724
15324
11939
127620
60572
61798
48064
17306
159593
80554
106871
6045
52415
34777
12758
149550
100506
121954
66602
110490
143979
65521
35424
80874
107727
160526
150754
8622
112587
46605
127417
10317
32785
22860
121945
17198
125606
126295
34647
148766
4735
111227
113279
20162
101484
751
98447
29672
10188
54804
24410
128069
61336
54601
159541
79989
105590
11448
142093
92698
33391
67113
91136
149500
7857
23892
58935
38466
150961
15285
115636
13365
107596
86758
34881
56324
152133
99265
31190
135330
55089
113182
99191
138830
72492
159115
11949
23070
82702
115605
61872
18200
48915
35879
77681
147925
96047
53350
46603
126844
128169
27611
18309
7404
129862
95450
153614
266
93925
88384
1318
137506
124311
48592
93497
111901
133052
16966
19338
59657
98442
34675
57800
136158
35207
10746
139917
58877
68669
80656
17237
125970
25537
107251
146528
44622
10368
135142
29763
23350
117688
96043
16295
74531
160807
22212
38324
152325
30907
56217
13380
158975
130361
131047
4925
1107
111122
20084
157364
69689
88400
85668
143569
1523
7376
119975
160697
76617
6118
89164
65156
109499
28269
52047
78124
22461
48254
84587
114663
153596
106076
54944
49170
66210
33697
109766
88662
33532
60693
97844
97341
66172
95901
98174
11651
5390
7630
7659
40100
71600
119280
105065
5108
69956
90686
140731
142702
70122
98482
17808
85521
143530
115196
77696
137579
12312
63352
14350
134245
101757
47424
7090
158565
133000
121160
889
138473
109992
11958
73115
159854
26219
107843
16010
106012
95658
111426
127024
25908
48333
9289
95622
151687
39406
129021
80953
57006
134360
118244
156817
35627
63637
92068
80977
44050
89123
134566
13778
44521
92617
76582
64162
17235
55181
149926
29061
19856
24843
19447
127509
161217
102419
26337
130083
149131
37949
105584
68021
136357
101297
1117
6978
124483
102809
43523
88533
47349
141638
92475
28615
94032
94106
116612
91989
82951
110882
123331
69889
50306
8521
88667
145377
38773
108072
74983
12069
122418
78634
102685
139492
144128
134116
144427
113145
23747
158906
35646
144376
121007
64543
158254
29635
94893
108745
24094
81161
156579
10079
98639
114972
131758
69415
82231
58496
130828
75156
28431
132243
40759
17902
50405
72914
94373
31852
78563
151427
18227
114132
49166
138514
122887
105917
105391
154200
34991
822
98704
28447
149525
67572
100965
40893
67291
29729
88570
129219
105846
13372
144303
74052
129524
155584
54924
24868
46711
56178
109506
7707
112557
107717
99705
88635
49107
103110
82559
155980
124283
149111
6638
104198
84985
89649
103588
1935
101812
11339
76807
56988
125320
6543
11924
72535
145485
146002
147348
18576
88738
94162
24778
124493
91774
17920
140190
79165
12499
102850
65166
49040
71581
25913
48336
10241
55087
129281
8134
37550
66762
43813
37118
54123
70538
137756
150720
116721
59035
47102
102445
37375
146419
10278
151209
37783
85258
9248
143574
44023
49627
156563
40051
145627
93850
51519
151735
140789
147087
74183
161426
66972
44320
64424
120605
98156
25215
8397
65843
52269
27394
52462
149520
23748
80764
67564
10305
114893
97862
19507
141111
33668
107113
88726
3097
151556
106465
60310
33345
107938
94239
143047
150336
20494
42647
70210
29826
54438
80978
146223
93072
38981
71793
131677
106641
93741
8242
146018
111008
100590
121768
109144
73601
18233
154137
86420
95806
46055
134668
103240
75223
100472
102662
53362
129411
70605
95666
88812
156297
123021
143935
98493
1864
105753
7358
19113
95974
77752
88420
103205
70388
105119
95174
122476
81935
65550
106042
88822
111517
137370
159345
150061
77978
54193
26582
10104
148335
97390
137555
40771
40703
3268
35990
41474
149289
67933
125374
17161
158636
100599
33688
122060
142445
36010
140756
28891
113158
4614
44709
107141
92043
15029
86456
36722
65508
159176
76700
147197
87664
121717
108323
160183
84778
57161
8724
127378
146040
77593
121894
142179
43435
38748
68877
84227
84563
30824
77466
10289
107133
161196
48770
129146
121778
2985
31869
157058
126101
84326
54901
62046
35838
33117
28387
158932
7149
16404
159670
12683
77066
58987
38612
155704
20851
74636
138884
75407
25404
135059
72503
38974
143391
67526
33652
43780
67780
153908
23190
24220
84169
125143
61960
66059
8249
70086
153907
18174
76731
113768
10804
157188
157158
108055
71011
63763
58411
136757
145487
15605
113989
147446
1589
154433
63244
48558
4703
72788
102530
70535
18706
133198
133170
116214
133479
93397
48968
115647
28362
3908
75405
63642
78422
10546
145732
42670
8957
108382
130557
29687
28290
106956
160888
10050
132980
50393
61264
68546
113062
139849
150018
98228
138632
110675
67481
193
126757
69807
72425
24731
28087
72928
147133
76403
136318
72020
112846
99095
116816
26032
68832
64129
66120
74886
103499
62118
158483
89750
22801
150916
24348
60314
147058
114392
158505
75394
152482
32788
11630
92723
96032
96592
161134
61276
18512
145584
9612
106086
14639
85238
62536
159053
18612
13985
113184
10916
77624
8543
99740
119095
26749
158379
89111
21920
108986
96249
129572
70762
63752
33217
64386
67308
10007
8150
122115
136477
129530
44371
101282
119638
145346
110881
16109
136097
137098
12955
98389
132422
103811
46894
122900
143745
145439
39715
40546
107882
16044
13354
89784
6884
99826
33822
118501
61187
71402
35964
99991
120082
62567
23451
19394
110463
19079
94933
25584
47808
26282
3347
61241
105328
85409
125460
78108
63006
58303
21739
64622
9911
14395
154413
26336
89377
37213
4171
110457
103396
129790
9513
133595
86622
121897
142184
127866
43759
90988
76727
6360
15839
16143
154466
7299
68450
94040
80022
138792
123283
40131
150375
52224
121198
91641
88586
48013
54160
90069
98506
161119
37481
33272
69208
127600
132473
111192
69310
58859
100826
155260
57306
46237
90075
148851
98691
52210
48088
112849
46724
137372
71537
133266
66027
61693
62988
95908
110850
112680
79659
14205
6198
55244
145790
126711
91680
22118
37837
142777
103469
147206
84350
30171
134121
112642
43825
111332
5310
11493
19888
40109
141805
5170
142881
23248
41567
147407
67260
13817
82289
111955
97809
15139
86890
70541
150953
119998
140684
74102
81599
60019
12373
148310
20963
31505
57268
12638
63803
101717
89892
63245
13213
138760
50762
10277
74174
23735
113924
49223
107664
155021
45875
127922
9537
126729
146004
25603
47826
66953
148962
105246
85315
128811
104367
106231
137239
80446
22688
158973
36015
74488
124599
17426
120759
138306
20379
98193
26501
130262
118813
34765
44322
36979
129324
126829
160577
39410
29668
110487
36713
65494
116575
54778
5385
26984
49916
132532
157941
52151
145890
89294
12894
112136
85787
119986
59806
124674
33616
98247
113370
51282
19011
59798
40508
23487
35371
4099
21604
7560
160809
136271
115617
6309
121104
11026
154431
138938
44228
96443
126813
120872
140658
1401
43064
16190
72332
121661
86440
18835
26769
49556
158388
101747
47059
31297
18363
15701
89062
25605
11416
11586
55019
60015
154717
136099
153880
125181
107276
95577
49542
12476
98265
126850
97747
40113
123672
70907
114625
8283
122669
34018
48720
134069
111498
88284
3187
120658
48419
5003
131946
98579
102047
35119
135356
117097
134747
19236
20219
74965
98233
78010
3587
20124
30299
61781
32108
63544
147450
76615
6101
59688
19616
71076
86836
80138
105953
97319
103104
144185
82529
102734
17301
77911
9345
147934
151910
18434
111513
40886
51092
53030
149134
39866
106918
160743
88534
47353
6886
9657
18094
146414
121054
140888
78545
137346
140362
149588
158605
110114
108343
44556
78
99071
125395
100177
48422
23492
58962
122771
3863
57539
110710
127243
147363
107122
158334
63587
93595
89344
94159
149978
97029
39996
145552
108615
9357
40749
956
134685
150235
10691
2583
15346
8546
28596
127965
19516
20433
64393
37854
52585
147935
66267
69463
14689
119371
61168
60839
43269
52307
54022
11775
100431
87913
20657
79984
5000
79139
12417
120495
156858
17029
82188
109779
42719
81871
9555
126778
116964
127139
28086
18389
95886
23706
39002
114221
113861
124221
132063
153437
32780
157524
72125
101391
103752
148629
64669
69570
26105
116642
54975
49350
157153
77061
21145
44182
15412
4873
23551
140385
1751
29674
157491
107198
82619
127148
59404
145526
41623
36109
150275
150718
32653
39182
151770
135975
106983
19097
83531
27664
55576
26730
31996
18929
10929
34330
37959
109061
25677
48459
82612
24829
126801
142362
158404
141849
68162
152086
12513
16278
35249
63190
89510
135703
121712
60005
145688
144841
57764
145941
38436
143433
66838
148750
5482
69498
89659
145827
106928
147771
13503
104720
113570
158464
79084
103542
117731
25824
129603
66140
73462
133526
90231
59621
68387
49832
147211
160999
89656
20
152420
22385
61519
153865
153803
44729
140647
66742
148586
98116
68648
147074
160062
59442
91087
36121
140840
111139
124825
92931
155830
79789
105220
31709
57601
105662
157499
21269
108230
10451
93181
139816
59956
147314
98444
103287
37498
42639
75226
96372
2001
16799
103309
93187
145500
135963
149954
145315
150020
9963
105783
124365
90103
142718
94646
45146
19080
24572
46304
87681
124564
81143
90033
74711
146294
21478
4613
4616
23470
44707
79068
577
134979
147992
51888
75075
17765
126515
35478
106064
62413
120247
156194
38363
69161
33376
95479
155623
109553
41572
33672
108001
77107
99870
42778
112469
34834
66420
46601
100714
123206
69577
96460
33680
160663
21015
135032
29129
146813
92686
21643
147515
46342
21597
21641
120704
92292
41327
137740
94625
53393
46479
59851
137187
125610
79354
79397
65894
88799
18452
38522
35366
94155
9117
80232
2599
105861
156996
79738
59481
40181
126961
133590
32169
19679
4145
110397
36203
81844
110672
25630
118571
158027
153894
37107
76123
4965
25210
128903
159768
158852
115257
47542
11411
102667
154283
132282
115083
50636
19482
139187
139844
9040
88569
106095
116769
152448
127115
93856
19283
33356
80739
28531
128130
33509
18561
138176
8233
143115
131924
101801
66026
147654
1029
64136
49027
102933
62809
99933
34464
109597
76206
98315
57355
63761
139876
58615
122163
67104
27
29864
86516
121034
148650
56327
158362
158438
87978
94554
30961
10644
139100
91225
135351
103991
40291
152564
98837
89835
115933
27242
121035
137029
147127
109000
124242
9520
93921
99801
11644
33708
156247
147863
124218
122965
126877
161035
158331
139728
49834
124423
91325
150261
90007
87673
105645
140758
43624
18059
6031
29167
152236
20495
152468
57469
120907
76749
103048
84423
145628
87107
135018
29016
102179
62342
45092
88981
28683
102852
17917
150944
152216
123011
93143
156536
59299
4940
74006
159356
78313
117907
140085
146674
48976
113016
47490
140562
53589
44403
120774
45802
39623
64823
39090
138378
19361
159579
69342
82078
74668
31010
143140
77648
12502
76406
65836
31373
143785
108924
112065
136292
147429
35114
51940
22001
3736
93572
60917
38133
12231
75052
104084
126634
148972
106032
144943
99978
90883
99210
56414
29126
132898
89998
38003
85945
134935
10915
25381
82997
8755
111134
57463
158450
89772
91163
48842
157397
85111
59077
77166
127044
17522
103303
26599
82181
111706
77187
130838
107334
69595
53637
57526
121484
141588
73480
160485
114239
51004
138187
82407
89505
30327
93043
63602
86933
73175
92157
83308
153577
114252
130769
79837
96685
100638
76949
36908
74384
74554
94837
25271
6899
90066
66770
113453
33440
67935
150703
38552
58360
6718
32026
58185
62963
95451
26159
107738
42923
125412
104266
151071
126906
81692
28126
150
160226
16496
92131
130059
125758
80606
109299
26992
83660
65524
32046
156402
104703
89748
68881
82236
14230
113005
94391
160337
119664
8177
100552
67328
122201
91097
8809
136340
40899
73004
115459
51777
3177
107284
95624
123456
69292
152674
41284
108329
69616
112945
107260
157853
135289
30454
55537
134410
82352
45781
84523
42911
153691
73466
92946
155891
112847
122270
127927
97783
42057
77406
45865
94958
9565
98767
104885
113459
13659
6740
14420
45969
149270
101334
106699
132212
4886
128484
30354
72822
118414
133577
18823
84474
49244
36669
19214
63830
127511
35292
3066
112085
122057
116022
30681
75336
159290
158081
137049
17147
44129
107651
160955
10438
10553
5112
25866
38501
113126
51293
106461
14561
84152
148
91068
23869
45324
115695
152737
23277
142894
26029
150719
1322
19854
104178
78909
84756
96610
110199
28113
135307
116938
55658
114196
63048
65173
118145
136587
27080
63705
94415
91852
136305
35931
126419
61236
107175
156668
10799
82408
153389
78676
62513
116826
86290
93378
157311
40281
40628
33775
40114
133762
146364
9
95290
22762
41314
113957
137444
154897
132472
97903
101321
10
148852
118669
35490
4123
54446
54416
65846
153759
27841
97912
154012
149930
129380
158468
74930
121547
111663
127279
121411
60060
102093
138550
72567
90056
66694
148493
7955
136616
127581
99525
125582
119587
52376
150171
10376
78624
27558
3441
27210
12924
128218
80145
15548
53428
132657
127961
39859
31393
57091
126005
152014
36241
92456
91338
144369
149985
9849
17710
96602
10907
137861
41839
148550
96935
143086
41650
74670
976
591
9802
71166
129128
63183
2039
80076
15318
7586
38266
88506
151116
70712
144331
21835
65295
17259
22555
4694
137537
24709
73089
157728
408
153757
154824
44389
91668
1424
65578
46848
98425
155023
49906
99665
65347
82287
23871
5612
9242
117077
155720
57536
110451
36478
139510
11281
142061
14316
78633
58751
103573
77081
99832
78171
134956
52711
63990
111477
8270
122638
47440
3199
148529
73299
92474
117196
148846
144545
60369
54150
23062
150093
111976
76362
27901
86079
49233
69511
45974
64149
66254
12809
77703
144679
154191
112820
47070
110518
18051
127355
106427
90543
79519
1875
81936
24853
56906
117965
126818
121052
101509
11359
105932
138320
132730
147030
141174
154269
116674
3161
85448
138326
71763
89592
38559
94718
34184
131633
85114
22040
122209
62270
150310
10795
25084
89679
40808
1434
59248
100740
123337
149099
6280
30538
134530
18759
118597
142945
8209
72087
13379
14957
93793
160019
161553
56055
99888
51167
11852
88117
98491
32349
76384
5629
115142
106979
37030
86087
78154
100164
37260
37557
66768
120673
143254
123084
39437
70260
59795
124615
73183
151190
156754
149786
160642
72377
80626
125558
106005
41366
147174
151087
14117
83410
145871
40441
48222
90591
72759
100960
49915
58498
142158
52545
86530
157586
36213
120767
101105
41793
117142
115036
106360
144029
33915
59495
136629
121834
161518
132036
10301
159435
118967
97847
65984
104224
137167
157435
105078
93191
136044
94467
41951
111972
77945
13468
152029
110751
55337
17008
161044
8942
24306
67625
48909
85276
80917
75404
146492
91671
161103
103390
159021
75342
96681
10499
7291
68545
97460
16934
69810
159233
77094
75391
109231
49186
23725
45119
110554
41478
147298
128797
50169
81254
156581
90253
69623
25318
8336
103066
143927
23264
57193
83572
53149
125485
10291
44190
151210
9369
156242
22753
66045
74719
109440
156745
145630
89064
102155
79997
86745
122139
137582
17307
95063
4185
21846
158040
121538
81962
34595
41202
73594
75982
131534
128539
4966
96634
25203
927
47207
128733
51931
55030
1155
121759
122768
55986
1545
72435
148083
37929
15738
126413
104935
110995
100003
120125
60478
24393
64372
72349
26090
8435
161512
7025
146030
146846
34661
78418
10539
135686
79526
147507
55522
111756
93052
106321
74677
53248
113183
45646
157665
134062
11912
145283
50682
14835
106507
92222
19426
37578
74708
95390
145593
127501
120158
139553
25683
133328
65972
86602
33292
28563
106038
8713
110840
43860
91660
16228
3527
12120
74489
124377
131766
74395
134288
80923
17430
60556
16440
20377
1075
78063
18362
1244
67634
42131
85600
138827
26096
87887
41713
147972
2394
129375
8367
143908
157762
3412
108767
5766
129923
135269
114753
131501
145556
52102
30003
93165
7189
118341
40213
3251
113222
13496
152105
19873
80886
53494
140904
160612
3851
42073
81998
116955
55691
63570
119743
157930
94117
10667
93198
51243
71583
88150
43021
144583
2506
147659
9787
35665
125510
150241
119470
12167
83740
138739
151478
145632
158822
113526
129775
2005
50888
151724
17129
67372
77723
80112
105892
10895
119926
154875
32378
119666
121428
65458
160303
95758
126811
116016
5160
90206
43881
76140
63422
81961
161328
66054
87560
104125
128201
84011
56148
64189
111493
146160
114272
101102
127839
125123
3373
67062
83323
40290
2083
142320
56264
28722
77176
7357
12804
72115
158431
54888
24774
46592
101655
147924
94638
129976
131927
75424
65464
137597
17520
86739
122123
156819
41601
111896
71144
141400
53804
17669
39939
131201
157220
157383
23368
86204
107768
72892
65520
94228
77962
95270
6351
8064
127916
76563
98924
106709
53060
159320
28483
107394
2419
105168
117379
154448
117146
20292
27328
138876
47783
100509
66628
23846
21343
17892
71831
33716
138406
97915
10989
96777
91956
111486
28338
143701
109836
78818
50813
148656
61832
42700
89898
12092
139164
106548
159354
150154
102171
53690
36128
5196
10432
43541
40180
6976
45774
12884
83583
9588
126846
160735
88505
149250
124247
71200
39233
33995
158488
86567
107561
55011
101114
1609
9343
131752
34253
137391
160643
83798
153269
86308
101577
84586
30889
93512
90331
18901
112088
90285
70058
85214
32886
41579
83682
115140
68796
141265
157247
3920
128998
138508
64466
146426
47539
503
10676
102556
107358
96108
159727
158478
75783
41347
3427
143500
11057
239
73759
67694
102321
111280
9125
79900
117572
14079
33762
121776
142029
11326
20108
117693
57359
142998
157390
43547
120930
64351
78069
133104
54470
161073
158480
142258
27085
48266
158253
46717
145217
155927
12923
149288
24349
128019
19553
108289
10351
135041
147598
75258
60402
42587
122250
149840
9450
93197
156731
124539
69139
38377
16428
106930
5317
26713
88027
69859
98540
151095
126718
125307
6279
116949
89737
119741
54001
108333
17268
120083
62566
139672
134701
75004
73025
91895
110918
39504
9976
51572
37512
159639
110765
92894
20844
55908
95911
110266
141605
92052
47296
153548
103997
7875
124673
34989
96830
106672
69675
153317
107170
126649
101849
14844
85991
35213
81185
24075
45661
12472
137425
64513
11813
48365
126410
87493
10159
111814
100213
11890
135952
119523
93709
95227
87468
71867
91695
151742
26098
93259
125742
80503
59844
90744
96582
56907
138541
59991
23050
158998
14923
68137
88680
50314
127333
46127
67004
96765
18169
23097
137710
78887
149748
101147
38926
111666
8590
39892
69714
25620
9996
100026
120191
13475
101720
98574
57004
22615
8272
108279
38070
146283
91050
6734
32133
102929
66899
148896
5929
127504
948
137926
5188
150446
108501
100286
107623
59832
86702
66435
85179
76887
146942
71487
11558
69410
70874
27727
131541
50058
107410
87418
114285
61275
75389
64218
110657
125710
88244
128855
27305
110837
53534
121831
25676
60562
122733
38580
99743
119105
16150
90578
75349
110868
8512
70480
159133
159754
47768
1704
9940
13825
157374
13995
56873
105874
85265
33028
8090
46842
9407
57823
4126
21681
74545
122456
104120
141972
24659
140345
24928
78196
82588
43550
105951
139489
129217
147723
89810
51310
11376
67257
7998
150434
15914
158217
42824
19674
111749
75187
10602
57602
154252
89813
85475
153172
145707
147734
89029
86089
72132
47221
61527
45793
132271
14640
33981
88467
111533
158455
141738
94125
18889
107055
51856
19541
138108
4992
13132
152268
92057
84121
17662
15756
157824
56591
116571
15575
121741
18232
95866
143988
127269
40408
15417
132625
101281
96425
19132
94546
70396
84891
75517
41110
117733
105826
145446
95590
143372
38693
84928
135817
17635
159102
76226
66185
80091
147029
45850
23090
109257
91344
157162
124107
16969
90459
97948
23809
93416
4505
49631
116344
61157
64900
144217
68147
6821
129096
115171
28398
12848
145464
71822
30292
100188
107094
160997
28050
62538
16019
37977
9219
65222
153355
122408
9736
138934
66058
38110
34883
25555
129273
47841
100608
2895
158953
147682
77089
79543
9745
113319
123857
5156
104972
126393
6499
135468
30722
67833
68110
53943
96689
121964
143110
141770
94479
52688
143386
136331
91406
79006
5458
128011
26616
108406
6001
13965
37809
142751
101827
50354
36609
130787
53522
51907
47488
99903
15855
47408
6218
96983
111124
96241
7116
18349
104238
151357
142090
45086
82851
107195
2955
107494
25926
48348
60632
42753
8705
78142
5195
1837
102447
124969
36657
138823
94895
119933
2474
105378
71003
4584
123166
144149
143302
52305
154019
125082
94115
159132
112038
130759
122401
76029
4721
152189
59101
13550
150226
10513
101972
1349
66233
134101
25256
128970
149561
38816
710
77023
152295
69633
71559
140118
96898
133498
21264
17180
101160
150057
39697
140165
109102
114322
131006
65528
64296
76552
5058
25570
27744
131554
37681
74585
5625
120536
86028
66193
8835
132129
159847
130261
82514
43031
158825
90274
48349
26354
26274
130019
109006
24701
105752
87431
40179
48898
14685
119301
35752
33354
60372
94745
98069
52883
85941
86044
2010
103370
129786
92433
41276
50584
130087
7418
35680
41358
36176
119149
60708
15675
138948
18983
74925
118788
64335
81509
63286
142485
148808
148838
134325
3464
132157
147385
10580
155176
141462
22140
10586
139185
3619
36891
45912
148542
71337
161564
134378
21515
35012
155689
92519
101603
73527
93050
28627
11066
155948
124772
30993
5936
158401
83259
41957
6379
23987
51825
121344
43835
159491
71549
120057
158861
28552
83588
50218
70007
133030
131909
1185
80641
16758
64714
150692
81292
10344
111305
84538
57107
93436
81020
133246
63987
141189
70284
56174
99839
121980
4533
111336
147677
69201
92837
120305
17409
80991
18861
134243
158073
58856
97929
40006
15842
90059
71458
26238
29752
83897
88390
108062
20152
84322
20734
90106
76977
129847
145206
71343
1462
9987
62618
147462
238
96395
64637
68440
143787
15783
25146
127962
882
41625
74633
907
932
122743
26393
15338
23272
137353
123396
99491
129580
76875
23201
28504
146626
159810
157603
43208
83550
107466
106961
109447
106570
12477
6209
129140
35426
108495
108586
114558
41047
143506
143342
135997
158355
157375
8987
105007
143168
81569
22844
97606
21884
121502
49793
21019
31965
47083
98744
142816
87934
41904
76455
5819
17775
110129
34220
138873
112695
81026
7946
125673
80847
142116
14027
68868
132681
89825
62635
46928
30532
150417
102727
42655
23907
127639
52873
136209
116493
54613
15155
158716
132599
120915
54328
23399
8403
144143
64459
152658
123909
145679
43162
33078
157641
24404
131803
47616
53262
139616
18058
63051
6120
100155
137504
18945
152571
34538
62218
59419
145490
152646
53999
80700
95420
124316
103031
68533
16138
90523
73149
159897
48834
90632
7816
138226
17773
96657
107382
96212
104844
77835
9162
15619
47099
66119
25619
123765
24748
128389
113200
49256
159952
71582
89764
61331
86085
108095
14222
43404
99694
117723
38796
103829
76595
133426
120343
89093
100847
1161
138520
75564
100899
22987
21955
69430
152844
135149
144046
127821
2873
17153
94509
32947
127174
71624
122894
69363
90583
41699
102038
2003
51708
56484
96788
35825
93682
59703
15305
104442
84185
130510
8474
123416
154973
23014
133648
44542
57881
1453
150121
10622
82591
18786
72561
16980
91882
81828
67131
137281
161238
72662
9553
131160
105215
79055
52245
155445
36095
34328
148060
96567
92085
153301
113286
86873
104482
68603
54895
128430
3010
20609
74039
6980
118764
30781
29399
92371
57440
92770
124072
91297
10403
8882
52483
110068
89584
94245
51166
12413
96711
5338
47321
10366
47743
19286
20635
80434
74171
5947
41198
118996
20902
56523
116321
154381
116971
38111
67792
100406
42091
47827
15118
49521
18972
24727
87646
8988
98917
29457
124312
150466
23808
127787
5861
29184
132956
121987
66680
103443
96320
85642
123865
108920
156971
111673
28367
94690
93573
27805
102351
135956
145469
114790
146965
93200
107648
116550
73868
49214
149373
7441
146436
102425
58182
63335
137535
121985
66669
54732
132277
139947
65250
188
114844
46665
131596
112213
77998
150701
12076
15119
122844
88655
69233
17314
73652
157500
104483
53878
141148
70060
33701
45804
46764
71508
90116
58194
149746
9013
149314
114777
318
16132
90506
72617
79660
100536
8896
68589
36788
19445
122571
124191
18672
32196
136211
107677
29254
151800
18385
23075
160839
61727
76320
37930
65716
87502
27643
159039
70839
16377
48491
98658
147480
33229
20184
49786
141832
102199
116554
28397
118802
11819
145431
93300
23670
157460
81616
152233
18814
91223
34843
139441
108740
38615
68637
111333
103254
145156
140706
72636
59519
410
37221
74033
89543
121909
59331
15657
52347
18431
103164
79309
64073
66071
115560
115341
132235
95702
107544
82637
49731
20179
87414
18297
5492
29358
104452
5318
26708
49455
3145
152972
112353
49024
130105
97552
64511
13570
29968
3387
4773
43979
92691
155055
100083
98537
141195
70299
91967
120509
75249
137359
94916
109215
76568
53459
144272
60067
16823
9393
126408
15760
100172
20607
140152
74874
56471
45539
126294
86562
66076
104390
80573
160836
40796
16576
92476
117154
56111
110475
5082
44260
97310
20944
72849
91597
159549
159555
87483
155846
42730
81861
150746
103667
23197
117474
31510
4617
20362
34573
27665
131611
125583
129442
75653
52934
55544
72511
41903
90934
76453
29044
49044
96414
88089
73131
18328
11636
70166
142946
43690
151903
37325
142187
60253
60515
38631
7754
128044
11402
10381
107395
115047
11931
91296
44746
42355
86598
86588
98277
11457
77437
3978
21322
52426
112674
15771
29751
51567
16750
50106
104753
131982
86424
41207
12651
61903
58482
42464
106604
80822
75350
135584
19094
18872
139296
111447
115100
145184
99396
3155
95206
53169
68107
160470
86499
151685
22150
113390
48206
15000
86387
150726
99949
63871
71651
135935
130701
5167
88122
13186
151200
23049
161463
91477
95594
126078
29613
102301
32116
98761
90788
109368
92470
67963
40485
55560
149158
67834
94233
2372
14229
52997
96105
7947
106704
90687
59570
94394
160352
13838
82375
50091
52465
139710
135548
159011
75239
15157
34305
20396
27779
4051
23666
81960
111011
145900
148026
70453
154861
110760
143430
65738
73763
54211
142970
150089
129646
75478
3331
100689
81723
99810
61043
56221
121802
142075
149303
17919
27801
85463
157054
8028
100474
10134
111091
71560
88084
82219
23586
127369
158403
75920
42610
62823
107136
37725
116208
100443
111228
150111
85158
32720
137303
68339
121504
114015
10565
85962
26085
150458
149205
6922
118586
19780
456
108015
31977
58053
53908
71484
51901
51868
72161
81570
55038
46364
158241
106453
75043
103170
18009
139092
13809
151600
81669
155938
37491
37603
66858
150382
64271
40196
8056
37139
146467
133206
64082
124301
72443
136936
74255
109771
134952
24074
111345
126662
21345
34065
4286
125170
147998
17062
88191
36984
56325
65744
97265
118161
128667
27467
50729
66564
1273
35917
124816
154410
30666
159989
20485
125795
123570
109522
150895
2634
106082
46873
149283
88552
29216
113489
31968
36570
22111
37820
114767
34322
87354
123743
158527
77281
75907
97726
1517
46423
143626
99626
70584
29006
38052
13616
2503
35473
131088
159780
143575
83564
129857
75946
121971
72445
103034
143587
143200
82998
28593
160369
155406
82935
126462
154860
160473
59942
10330
52464
113600
146023
75374
79808
31970
63193
96838
18806
16252
147157
17451
8189
67457
60566
158976
49196
68592
89981
64987
69937
107105
94427
3745
133672
43623
125808
11290
72729
51757
24342
98006
51521
3921
73873
24322
26151
120136
40977
74538
95058
57189
75015
102564
152397
110984
39994
71401
87800
37688
69969
16400
34672
155657
66198
53648
139882
27397
139435
157257
103744
67395
154449
117148
56098
5299
1971
70272
116843
54164
81037
110719
39238
159108
101691
46406
28659
60288
91588
17330
107656
17038
105129
102982
118555
5911
100245
52392
78287
44883
110981
123355
123923
71644
74099
160548
108306
73828
153456
89100
39695
35859
121868
56959
118131
42214
27614
101299
147762
1353
29263
120060
3830
150657
9586
135859
119279
29975
32966
59761
17916
29640
157062
121213
34078
13165
17240
97012
56842
7578
26967
59846
30048
95486
43354
156325
69753
36819
65656
64778
20948
126501
57821
73523
7621
152021
110592
37443
142273
40713
105484
155615
28204
132019
82276
23816
130870
139657
27272
171
76499
159631
108579
50268
66268
268
62529
133450
111092
161276
140242
22030
37553
95751
97710
131008
104799
4572
109420
147168
92896
86198
140511
65694
73531
138035
12637
86053
12086
46606
13827
80651
42110
126261
10604
29663
147151
156316
69277
97983
6046
55323
53742
105230
154722
31786
9056
150392
60072
106222
54706
146920
65575
71764
5751
58545
99441
150716
74622
42366
43987
80369
16144
158869
23121
44227
90500
76742
108084
107387
41885
50867
25317
47393
315
124916
63016
80295
110130
41420
92295
22637
46702
7199
108925
105574
86544
37028
47374
814
137787
7679
135011
68717
17746
60103
148596
102123
33309
27935
16838
101815
12788
100777
144770
150601
118962
145324
159923
87504
151696
67140
107856
93825
20688
114788
40570
76940
104138
133166
33069
93166
160840
73363
132379
112833
19560
83841
103328
52601
74284
18
42726
14722
19404
152382
6086
48700
107481
150307
10782
58852
103639
8247
38199
143177
68031
139586
21071
71137
51917
15204
156347
119566
18342
144998
155226
9535
98021
127999
24005
96697
53223
141717
126047
143762
103491
79701
154147
9065
80335
16049
153113
28579
141322
34295
91056
99526
89830
62613
112119
27732
143795
12580
149031
6394
76097
42436
79564
13883
16043
129813
145633
94101
90847
54105
105894
43013
102679
23982
45509
56644
30295
136584
37565
72112
155043
3430
35965
16808
147730
81657
119765
61953
2346
128396
118686
11917
875
132313
98510
130942
97476
62572
129843
88958
111934
19152
4268
102334
89077
141869
147581
51163
123941
81113
19372
120304
121574
98347
113680
48762
32350
33728
125413
10011
11752
70846
59852
82023
42194
152514
119311
102913
148653
98236
16951
160953
18354
146711
2683
73736
111711
16198
148326
78135
9970
56953
15924
100541
123665
127827
30280
21113
73978
88173
58308
15789
130412
117698
20628
110843
134271
139305
59295
39548
85404
55910
112679
114034
108260
17978
134901
130233
3949
52421
127908
49114
141991
43871
2438
17128
58366
37094
11172
21637
51013
18602
90050
10078
79210
86349
65008
16529
136403
142793
17798
82038
60404
45707
150865
13029
150500
11349
6796
158583
19392
21813
36498
61121
136129
146482
64120
8206
148380
19503
126816
16153
47761
159391
78521
91260
74394
151383
20468
147432
131214
42375
107757
41578
93865
153121
22320
88699
122158
8160
143018
159751
43308
92021
21315
2439
118001
8308
150826
12769
90829
158090
69361
60535
143220
129337
157565
133114
109921
55602
130560
77721
14668
141287
96117
78895
68568
44922
23807
52938
25938
90760
70380
79715
75467
27440
23036
161173
77004
111905
147283
23119
79521
13744
22769
111966
157135
158058
29740
141374
87595
126620
57270
99435
117960
57962
26042
131337
157583
17712
12262
96394
43598
37814
142755
152819
23623
94305
15664
133296
28132
2905
18627
104983
130365
35334
99009
136204
148798
15308
110778
67726
151005
12957
136205
104253
151793
72130
148063
78550
81660
5779
28928
82107
15989
115071
131892
58138
141137
105240
122446
76376
83311
36921
65805
109873
134502
124109
30289
126327
67904
149211
11400
143002
105902
103698
75804
69367
23363
58239
108828
44512
71411
27213
24350
13327
103289
71160
156280
38855
99352
31535
72157
150461
56795
100495
74617
86294
69622
25304
159638
119008
7340
72056
158429
77327
63140
31551
22846
76400
25846
147578
129558
113819
8973
150274
129882
101630
21786
121201
141114
69822
83269
79097
147910
116172
61058
99779
119223
127695
67788
117039
134645
110015
33261
146099
156644
149694
100963
40873
46365
96841
105663
37294
86160
16121
106919
121122
64814
15169
143681
31710
39918
24030
35270
49060
37584
57224
4778
58413
1916
11298
112891
59243
157657
36594
94847
137030
72544
133193
122861
105207
19646
48496
1313
100383
103655
78449
25631
156717
20762
94018
156507
140295
58152
103196
152032
110903
123448
70229
139419
116129
34601
148367
56882
84840
101931
71501
47641
24929
141190
144778
98582
40612
129791
5207
26234
152853
5200
157084
96891
137686
57903
39465
144818
31491
104966
153729
114758
132095
29227
133023
51518
27145
1178
159951
83499
95412
62672
134218
152577
110752
38370
52925
43661
83495
114633
157695
17276
22578
154925
151529
78884
19443
110696
119457
28105
131917
74725
161375
15260
67658
16301
11216
141281
86230
10728
71145
63392
134797
73684
121536
159542
15166
23761
57538
138407
119313
10668
65404
60991
9454
22203
38280
22195
80779
11926
76876
17374
28550
22180
18679
51403
125147
75082
2104
99121
57561
139412
51646
66561
146072
90267
69878
130921
55252
110121
117468
160418
101059
41364
54142
158460
94049
157507
1518
8897
84432
30391
146045
44027
41317
28602
141774
53101
29934
133818
48583
67978
26288
24750
26076
135091
68024
126466
150411
46264
56176
67608
111404
96719
112610
81780
21904
39060
12506
61191
100487
60222
19120
57573
55496
5446
123920
101006
41052
73332
92622
73490
104544
152251
131777
106899
122665
79835
14628
86268
140790
42509
139426
65992
147596
142044
75112
14782
78682
133825
112061
10094
133231
36274
89114
42612
156914
57567
148464
5558
155886
157160
59866
23903
95444
44289
124912
154008
119931
123147
74484
504
44218
103863
84620
48283
29749
54285
26177
1198
99973
138061
156879
53027
35709
105935
38878
11535
66728
85501
18828
67250
118965
19147
108736
52855
53464
55369
80914
161060
89990
141295
76
63561
51551
16706
31106
15952
151406
94754
69839
108759
16532
35323
113326
69603
123019
69140
54960
79427
102769
128610
44341
40188
71730
144007
152611
158581
9975
63976
101806
130305
80074
15311
38104
80078
105769
105975
61805
118558
89394
48193
76276
16846
121596
89745
126313
133890
33286
160405
85998
120351
107067
28732
107473
132187
108179
96654
86728
109519
20797
10029
24185
135109
87799
130002
112471
99688
26182
129918
110929
158402
70026
139404
71409
71165
71155
137595
116935
39601
43161
24474
107981
18902
32961
4410
125071
158536
145643
38778
71964
70752
140353
35898
38092
138853
119296
148062
2823
25396
88737
89746
43319
141045
108307
16880
24952
141826
62224
79980
159863
23891
151442
53085
95184
33722
48275
81877
98612
131631
38560
52241
17862
145272
142202
44059
93642
89298
117173
25554
132402
126955
77365
106299
107852
161557
52150
138645
127637
104562
62688
98548
27358
53524
70630
6981
33060
152116
19906
34558
63868
79690
16626
92596
100747
39384
57775
131764
47854
8276
67195
149424
77769
25071
34787
15739
71911
84622
130440
103718
79896
135374
30914
4234
122099
66956
76636
153991
102337
147226
97355
21044
124503
151292
102674
117233
77342
40616
146232
26454
101335
28194
120323
63107
151493
108623
30034
110226
14880
33077
150122
10260
147695
7000
118866
137842
9823
8839
41151
119733
115225
115971
29322
4265
87801
120996
3202
110777
145114
155568
14580
129262
12441
4651
29811
102619
12446
158971
86672
30498
158062
37696
134219
25860
43299
35848
73660
14520
157219
20779
30467
94433
156045
87490
23273
345
41204
102279
21005
115548
72363
90690
97398
97720
12613
71747
10173
61001
79277
73236
73258
92297
104939
89441
16288
91337
156104
37761
147433
7467
12066
14902
126865
157512
40136
17395
26943
60962
77676
17232
3376
108702
40417
122
99443
57499
17801
146709
60907
130810
157399
158534
160748
157346
155191
105580
83230
26659
130406
59211
79067
66349
116734
10041
101541
93888
137351
79168
142717
37421
100617
146311
16360
149025
97252
85687
34385
20500
130073
174
39322
69674
153315
39636
145062
55424
65355
113082
12136
145984
43297
61298
99389
90607
1450
20142
26661
35466
140196
111291
51083
130616
12856
125457
77138
150300
78981
11848
76708
32522
2707
57086
153032
24693
144610
149005
60439
63605
40866
65831
77149
62058
8424
58368
83933
70337
117454
56299
39937
82608
61617
159036
111811
88144
9544
49538
76161
7835
147840
21407
23996
98530
111777
99807
139306
12266
84257
81598
25299
106486
90933
5815
29042
33903
137841
129930
108458
18789
157098
79042
88199
83403
27265
131061
28119
77952
83701
62666
129568
27101
54002
36165
78854
15899
68883
37078
130358
119294
97189
117749
135937
97866
50750
65816
28471
47048
139618
49800
157234
40245
16591
106179
42188
19845
46610
96919
123565
126525
8666
97684
28935
60009
152242
149313
18937
95951
1582
128943
99364
25112
912
50556
744
5304
30622
57957
83747
26481
134918
106233
5565
110119
127931
146049
117105
747
53083
19550
11682
144796
121285
111462
12727
90180
108771
158625
67787
12903
95740
101941
156455
76836
14783
124143
16355
79914
160482
97957
142078
27994
111441
44977
138241
159058
86514
121565
9383
43401
148228
96231
75640
17061
5500
137907
102839
103175
100214
150402
112137
106322
148284
62583
108739
110780
105255
32050
136452
7343
39358
41891
76398
5974
48467
117446
135396
135103
6241
86054
63512
80785
133750
48492
125037
74259
161525
153094
135453
57453
136328
80972
92991
55423
43473
52712
126206
57607
26649
142966
154470
126483
14305
154161
10608
57667
111004
129371
104658
22036
77510
109127
144595
111807
2841
106963
93684
136110
62422
16861
160778
52998
32029
78972
103302
12640
147684
99624
118581
72927
18040
143732
111049
6062
148895
98884
89301
56291
102053
43157
138087
80054
15244
123512
146999
150679
12004
139348
149966
8469
95172
99722
8766
109641
115116
53699
158592
152121
19915
88887
156162
100309
43398
20769
33896
36920
24265
25558
45895
89901
115425
52367
90117
100983
111365
1224
158348
63120
111420
8081
151683
124243
43230
36707
147995
74225
101664
13392
137733
32775
160750
7797
21912
21195
55099
129325
99081
12827
41933
63132
136712
37546
59790
40976
97701
136228
156512
114435
27971
36028
13350
132251
154828
32177
152930
61061
81349
123917
98460
26811
22993
91432
72539
91015
6578
117651
53711
87366
137754
161162
121921
127188
126141
154494
150497
99387
110135
8964
97696
22304
121440
45314
11825
81753
156377
122904
152330
27293
5249
154177
107970
133375
59
69115
17897
27062
125727
80410
72100
119116
90503
57616
151355
3254
21946
114013
109051
112681
13353
16397
149727
53069
144977
5703
33731
90865
76064
140744
142764
159038
21041
77317
32274
88922
158475
22821
70929
52882
95335
6705
119973
72431
36524
52039
80905
101516
111012
142812
113602
21241
96644
39170
45317
45576
62454
75665
151880
76699
139241
3128
151144
36619
55903
15444
88033
42444
13941
120678
108018
151240
12125
91728
38492
63122
19093
113197
118166
5812
29017
121436
63209
54227
111429
142934
54694
37916
17543
79194
103852
19562
132940
114103
49604
76817
159139
5892
10955
86121
35378
86627
37365
133944
79541
13796
9660
119289
70829
72603
151370
68906
12068
56660
140742
149553
3143
152539
156894
90169
106141
130954
29922
54574
85793
40747
93963
92104
100088
50026
102631
100379
23129
123876
71486
112262
13274
28584
36129
39870
119810
106484
90921
17864
119074
49125
49128
11611
29414
133273
32470
89286
93177
41853
148619
81730
123433
130060
46104
776
66532
107527
131696
128608
82593
13095
79203
94525
93787
84155
133500
115291
19356
61732
7799
120048
60542
423
104281
151123
22159
10827
139213
945
27493
13351
97588
151653
12346
136296
122296
8198
81063
92316
71344
65950
151579
106989
65685
122261
142776
111026
137283
39774
78836
103079
122236
27143
95607
124241
119259
99140
45759
50056
56034
148049
96543
160813
67995
46198
12035
156373
136137
97617
21916
58556
82335
45688
139912
38218
136532
4364
9744
6639
119824
89812
22232
49628
4476
93354
17846
94432
119722
289
90667
42964
63478
80340
7373
159451
152615
145030
97543
28079
90706
63279
159022
72873
8248
143025
105538
64748
48312
101322
42152
86852
38124
34249
129943
142771
149574
125424
59474
10784
133718
45067
149865
159832
153170
103324
86277
37891
109547
148729
98480
9894
81898
153799
9091
86613
9433
35297
40337
21366
35475
58016
17505
1846
44116
142017
26917
151586
79585
135070
7194
122807
143635
7010
63433
22712
124713
146872
125796
40013
147732
62535
51906
26368
150082
4895
109112
110352
120881
4100
81362
20348
50890
137451
85441
121425
99562
76729
6365
56146
101978
151651
70
48293
9177
16986
5244
28017
10201
157133
150793
99194
15031
132587
108255
40560
153690
31286
23341
61790
141167
89131
42867
78561
36645
53095
12832
27086
104205
70852
155721
64183
4152
58487
83280
110689
38035
67654
150342
121194
134455
101363
52328
106807
98256
89013
18098
24505
53860
157523
108646
88415
42605
151657
108844
23437
103497
41155
126472
3706
63986
70285
137341
39958
84091
15516
88314
136937
127040
93272
75731
44983
61791
115622
46579
84868
18866
249
80706
8005
72936
122877
30098
96100
77310
158724
127254
76023
75861
42049
77384
14914
132115
17623
97448
21416
84105
159725
14363
8902
101323
27178
38574
68555
37084
95480
4673
87721
33663
13643
96687
32332
90947
148883
98867
36923
5957
86853
38138
94978
97511
21583
120425
68335
74948
136510
97835
116349
77666
100864
86266
123573
109184
158019
14838
63981
28841
120405
91490
43672
84799
122715
114689
64562
111303
25897
13264
106423
30315
61105
95106
1079
62678
104071
78226
103221
56773
120520
13749
30631
93491
22116
136513
136529
39050
51677
156410
137388
130567
100900
40350
156546
51051
60495
105721
84882
21553
87020
85307
122167
67121
51345
9348
89987
106546
76277
143368
79560
90241
104798
77135
100124
97005
142109
49242
27707
6049
121664
5057
25575
130795
88765
161136
154909
22672
40986
146690
76424
45849
161135
144880
46317
151816
70155
120077
8757
89874
23646
42059
51016
93704
107095
161392
28763
126364
96886
108500
47930
10358
40157
29165
132928
109244
120315
81062
19220
78590
87278
132096
44454
151312
35516
109685
35494
93514
153954
143709
23085
114721
109744
52056
28056
69297
119253
54884
95913
122842
64707
129719
101479
8893
136055
34504
139146
69214
115967
117859
151789
17667
89752
29857
12841
77863
101338
93226
83207
153857
156769
6840
42634
112332
159660
11502
37833
244
85284
151827
107617
27445
106256
84173
37236
13676
120918
140714
11276
45268
2079
12458
76078
24645
18927
22142
159424
78830
86531
82442
128073
62971
95548
140603
59025
63585
68033
95275
11906
34300
68886
20838
34819
27519
124765
87171
27938
78868
155719
120803
19201
29063
112713
156797
63915
111054
89906
130384
131209
88157
54058
57952
102003
35937
24339
151782
95383
99667
22287
95394
34394
108957
158074
151936
114147
67569
36944
65832
104709
98281
9188
110564
108801
42482
84796
117634
97469
88197
43997
6306
99633
18917
15274
87315
113862
141712
135263
28499
37952
141010
32761
108627
20737
54920
55082
127786
64154
1840
3377
137757
125053
77211
72488
47134
5989
96878
19110
6948
19367
25098
47053
12238
12537
104931
83246
114032
7251
53403
39751
105324
50295
100410
36687
103056
109658
67524
77329
68746
125427
75489
88325
10185
28293
152800
752
40778
76265
26634
37604
28286
132094
40001
159329
66063
74757
161227
77398
36262
14130
125564
154329
30366
149428
100163
63578
111006
60124
9994
127925
33350
44242
8631
53285
35018
64936
147900
153104
102340
148158
61335
111762
127383
137131
130540
78741
63776
152729
151221
42158
107675
148684
3975
126712
106841
125434
77882
9291
32216
132704
137790
44087
25955
56926
58198
59586
116705
115462
104856
83096
48755
135431
52436
5189
36198
8066
37181
126964
88322
155747
35952
64304
66957
148970
99055
94256
45348
14415
112066
52775
132693
35874
149232
98365
122618
126244
155287
34237
65693
73529
93053
34296
17464
67971
103638
96810
84118
67757
58912
10420
63093
105644
87031
142834
87592
77142
138959
90489
90734
75196
85057
119928
80321
16012
14198
22886
107896
45144
104068
143613
80621
116520
146929
91754
5614
115065
51767
106736
138361
87981
150380
134888
81217
128446
12907
124928
118321
58863
101774
40103
68346
80010
86845
107964
64932
148591
102652
139133
14586
27006
49959
151324
37925
142431
98723
25167
88630
105296
122366
120321
22697
104722
152733
33038
105026
22023
19307
65328
125050
46013
140866
37507
66755
105320
130123
13219
71880
142009
15769
3087
45472
160638
87548
94917
121158
125807
41217
112230
23818
127578
89401
40372
10313
56744
127486
23125
51425
160682
68627
107533
149103
111423
101653
28793
113935
95770
118624
148136
97711
158053
58541
95644
106908
145892
117130
134800
48567
155627
137019
105623
978
128780
44234
71930
44908
116499
8402
41747
148056
156471
70676
143724
133483
27782
150520
150905
13370
89420
9545
114766
33890
18675
34723
15985
117264
57507
61528
28943
43512
87438
84384
147335
50182
60100
160667
42109
77741
101003
41527
79241
12720
55171
48113
2797
120925
41766
3291
24773
16827
12819
116936
55655
98764
138662
28112
26046
156791
84934
31907
136249
120747
140498
106838
72444
80938
13224
147604
62839
118383
59029
132147
119063
98966
66247
5561
27775
54437
83753
32422
58817
24920
113517
149824
101450
132327
18539
98944
2666
18380
147671
95348
101810
80705
75848
111368
74147
153322
103348
145857
113223
47878
145990
102935
76686
137068
149202
25544
65850
1354
8112
121936
74797
140961
5242
146878
92910
41872
148723
76126
29979
123880
119549
150389
13221
54567
111969
127690
85827
18838
106712
150877
15361
138303
8982
130665
12971
82246
4378
135256
116744
51570
142467
25335
8855
153573
114210
135533
25704
55313
26587
35415
153223
98674
97664
37982
76103
98120
43114
85489
33780
158589
19635
18758
109874
98467
141781
129878
147950
2255
95285
109024
128458
23694
107138
94677
51142
42143
77959
32331
16232
144060
82076
89903
157283
6293
134585
49704
103755
147262
17385
118518
43518
6260
101689
136003
2839
70297
62203
84138
29539
50900
15349
40816
71852
42616
1225
41816
4304
71739
1671
87515
40382
100733
17239
94016
145161
155755
120951
29237
94539
2636
89121
20543
7313
26089
47950
39967
145517
111016
64679
113221
47870
31902
161209
90987
76724
56110
15849
59740
120353
22182
71622
80143
145454
96650
78361
74199
93264
15723
121350
77991
101651
117776
93302
88353
44184
111656
126551
49936
142221
29590
29628
112491
95523
7817
91081
127005
7527
35140
77289
66398
108024
42238
14648
155047
40913
160556
89539
1854
71807
105669
87115
94021
158764
26131
108937
13537
33784
145391
67778
67290
71663
156142
88379
38488
86604
55488
72409
25122
47081
100137
91736
5038
155911
69008
104922
113920
40799
52011
20750
116722
84860
74724
124323
145058
2834
16905
95527
118822
17072
91096
131184
57860
53433
151967
53329
109280
7968
158794
125715
80259
27282
131078
40773
98215
65407
99720
137386
16202
116648
134073
161092
54478
37180
142028
45333
91663
5243
9457
145106
155596
63366
147067
150184
126646
110264
155058
155059
33259
137931
77635
100821
76194
95029
111254
84509
96862
58583
48017
140002
115381
34308
107562
6748
59993
50446
42627
80743
58808
122515
15610
2641
106618
1340
83935
88555
147864
157221
43134
59242
151311
60538
94037
15104
115954
159187
12774
149609
144204
133844
108263
24050
354
135929
33977
61406
93508
28373
116799
158604
145537
58943
23240
123847
145561
147294
157025
16716
81541
94148
149569
67799
10615
2950
29839
111472
88401
26852
72143
135407
148988
121849
77354
83272
4849
128258
121648
43981
153982
110916
126066
147456
153665
12996
130202
131515
157212
133906
63409
149006
6286
15162
121740
63296
111719
93578
145260
65306
45628
15973
89883
14683
158231
106413
10537
8098
37355
66480
114057
126504
107706
137551
78599
10993
136635
37267
155375
140699
158823
141896
116944
16832
93315
45246
36237
17210
113639
74601
62206
50841
16509
92232
81120
108701
37517
90709
23433
93968
11882
61365
154663
78163
109241
114190
83449
107240
28587
100709
39096
11265
141877
98563
107154
53846
205
8748
11245
160379
28836
68275
148638
2125
90636
74607
95215
121473
72831
111000
65895
147781
36931
22750
160688
14377
120647
4393
35912
136571
38141
13254
80281
15905
158191
19895
158856
159392
2323
5689
7171
61112
136082
11111
140020
97088
25377
47491
17849
58739
7588
120463
147178
155318
126533
14188
49433
56132
115239
68788
5294
110791
158169
5371
17882
113723
4705
65515
77553
91157
77511
35397
63475
60682
216
105185
84714
24359
96334
130100
18985
95905
19196
33439
42008
150233
91823
81498
78016
47397
105581
111039
124253
146153
71357
46853
34150
41991
145649
3675
75877
4307
148055
123199
121039
100273
43369
151752
49970
80113
105895
88147
29930
113992
83908
95865
5696
148790
88355
28586
35679
140387
119460
106882
93136
159131
58161
129723
28287
94830
147819
124276
157111
130133
36670
19961
68660
80676
61809
8995
82359
141923
122608
143298
47898
115909
323
138681
26685
93026
51750
135648
60915
108341
29696
143774
98087
3146
82609
70088
101799
48874
10867
80841
116095
128420
104036
149896
95281
6410
148941
116361
133643
75073
83590
25967
39003
95922
91850
52217
42868
69207
147243
139918
60347
48760
10484
32120
156803
40843
127563
141392
145587
35117
47399
52460
96036
159947
153056
29417
60842
17889
116887
134441
29819
112315
128764
160494
88448
4172
88999
69777
149836
9439
125693
151340
139062
128437
4581
27754
5186
26156
150795
103860
107295
1380
157119
21317
43874
81158
108616
100859
17150
94503
18118
125362
149321
87086
45008
23260
46817
87433
124099
96926
40698
125793
90490
158999
115851
55684
114219
75454
19149
92923
91371
78740
69729
40692
24804
25973
53010
138310
43262
21409
18239
54620
139583
150384
11015
45161
44792
158199
113691
102883
62168
131273
159515
76849
139317
82261
101559
1983
94086
75191
161417
52357
389
44134
37864
73706
79317
150272
147228
115428
32819
59522
91019
149098
75369
16780
94548
22635
111468
158292
47425
60660
37835
5549
114119
77473
121942
142241
13175
79762
86181
58780
93284
18781
41516
151025
117816
32935
15163
60659
112621
94545
21386
101472
101681
128237
81845
37924
94142
159239
3256
47002
90888
72912
137431
118552
2459
90863
148559
4806
24493
148322
97358
147865
1810
89090
129285
126918
139889
13261
106368
30683
45371
92575
84874
55827
114544
99999
102537
48658
125625
35735
25446
60017
118858
151503
90162
120262
35809
77578
18376
95331
63630
138575
156106
37582
132927
130375
95756
91540
82655
86482
91884
78311
102163
85457
33675
48939
19603
94261
99734
100285
33423
60484
64607
140869
75616
128425
67253
42403
8032
37015
65941
107978
54923
128523
56140
146520
125421
77704
58099
92363
122652
148909
12088
32738
87413
126324
137350
45156
18925
78747
1611
123179
69514
124836
94527
110953
95432
7304
33758
22165
130485
14927
126936
94428
132035
96199
64506
11584
153259
1192
66111
10909
134899
110514
16965
81074
23528
44803
32125
58327
140328
778
37544
37750
77245
21112
32598
59092
20596
115099
135140
29750
56563
29919
16002
143704
42927
129565
4021
23327
149434
46680
91838
61859
56645
154665
107181
595
149972
23135
44249
125842
152440
145889
56717
30623
86088
153779
114940
160678
10903
137737
157937
72480
91704
6684
80558
159606
85112
51968
31984
34344
133264
80575
78447
102365
136059
34533
139174
40662
50959
37506
53057
79507
81926
28108
80448
110961
146477
42963
131085
120602
44624
107649
35314
58260
64387
17428
95016
65495
73938
62530
53967
22659
124588
52673
91142
7897
83912
102725
37950
130919
25108
128766
113089
24088
74187
3222
140574
28834
135712
121823
22216
82348
24141
15451
118657
137542
151778
2328
5316
133889
45767
14139
74776
4510
115655
52824
63574
2743
39614
145038
138802
40156
65718
33590
60790
43950
37105
66888
142437
44871
139659
56631
55180
18504
160198
52134
686
25049
125988
130389
17162
93984
70224
54636
50559
151837
80784
2723
120878
121858
16978
20017
78615
156417
25029
20392
51250
149699
8805
17177
94628
153882
28440
3346
3678
88396
49912
152515
100874
12685
6372
97004
139984
153841
93480
55319
126688
104805
153040
43291
156133
83799
132291
70947
81766
55672
17182
122277
37831
105960
15725
157751
78224
1805
77930
9425
34559
71117
86939
90563
158957
35454
132592
22158
80562
149017
131455
67355
23875
97744
160218
50744
75916
40284
80829
5704
3260
17233
149653
130750
13144
146158
72686
135959
5354
16319
150003
101838
94066
129248
115403
45479
83007
145554
82162
118951
86478
108514
87958
125355
138673
52615
73670
95730
27025
107980
137486
106847
62179
50758
14678
92647
154924
70550
85322
29019
75117
33547
14931
103379
76446
126277
147511
61462
96773
82035
48926
126521
64609
76011
4672
80194
15688
26348
72637
33256
17977
6261
55558
101163
77518
119790
85399
58333
42154
140191
2865
148680
48712
57558
5685
14959
155783
62325
57964
92962
69113
126887
121079
75472
116890
155763
64497
141894
78203
147375
60358
104677
152575
38257
108696
2175
62699
75230
161230
22199
122572
183
92870
140236
49098
93160
106589
84997
136539
87403
71536
34931
79952
140424
8024
2621
7917
36488
136047
48344
43211
64224
52026
160311
16179
144973
33771
20070
114856
148153
96859
121782
98718
154480
113069
47585
73820
94313
160025
42067
133377
98361
27069
50059
147132
80540
50747
15010
18912
107183
613
97885
127141
132150
16311
106260
122230
22923
107576
48940
93006
142962
138859
120330
42676
61064
152033
144308
153362
93476
107487
53495
61671
24435
24438
112334
33935
23570
44874
96563
123758
71115
38451
96483
110239
120155
151564
152049
7463
98227
17802
2217
93429
100572
122318
79085
20356
27596
55509
104247
144476
125141
142072
117754
105614
94210
12751
66873
72318
53623
108642
12864
139776
57529
61834
12621
31937
57981
27724
131540
4710
99548
49466
103641
148175
125051
1814
149697
46997
17205
19592
122705
81642
18767
1605
101402
45696
117784
65839
115178
78453
12093
95273
84861
101809
132578
105380
106440
33842
61211
43490
146483
3267
19134
135495
117970
148460
107489
3491
44903
70968
36977
51815
109195
13341
158419
11366
149412
7550
79076
12142
91997
82515
147170
161061
107876
122000
74159
37247
66311
97807
31223
10177
73883
76917
92861
40879
91846
69169
18728
156642
124113
87561
146129
73326
19489
65153
9703
102054
17569
12478
139909
153752
38002
90449
87537
124194
115578
86013
148817
5735
65307
147032
92777
85733
34505
105647
122251
66397
67277
123242
39123
69659
69662
113256
47813
4248
110648
114121
15421
81708
110344
35869
106426
108316
31217
92180
27296
57528
25971
149573
17291
69100
109682
54704
142023
102443
37354
145751
9482
142792
149620
8437
159659
158688
106527
13441
146864
46377
8316
67870
22903
1363
135807
73673
97043
19778
24296
36269
141003
152625
123997
24397
92370
29579
259
78228
74779
27040
121171
17283
25939
88228
87427
86780
56825
77496
62962
3689
103758
113432
148240
9529
147707
1189
65757
41228
73639
120751
121763
93844
15655
88875
120259
138554
13652
25445
47611
12566
148999
5033
118471
137226
95023
4463
124469
4560
127002
17058
61947
103208
88913
133335
22190
92645
25787
46555
38807
107516
3754
20677
87639
6717
67947
74742
1190
95464
61230
38870
135845
42756
45480
111156
148485
97493
156013
122617
127717
107496
119261
15766
24651
18918
54680
152708
150487
11277
83142
35501
104742
143897
20411
114867
14780
101510
79016
5867
46416
114177
49777
50461
123176
161190
54510
95209
19155
91259
78067
26118
16766
93061
117464
94738
159842
93870
81539
45676
27663
51077
89061
25594
129322
83485
13293
125394
8811
83317
49995
97674
59672
146207
159030
148137
124409
47007
63523
148114
96728
98523
114440
85180
118567
21167
137558
60028
137584
146963
149274
105889
42978
160806
88872
100089
160662
89889
136890
93199
81890
1042
119761
46544
13064
58006
35927
87852
112164
45770
115463
54705
44020
94437
15433
67148
142364
40688
138370
101915
55379
111430
7017
118922
96916
108576
36989
40984
77810
89703
123408
10281
134557
9980
122380
2876
156599
28342
30859
157906
11481
122058
72138
90292
58210
36727
13844
107809
117632
81219
157121
64052
13235
40687
27301
148424
4239
110640
19947
25382
99565
32595
70378
42579
106503
21527
24602
91806
63543
107474
13564
81424
151738
107173
511
8284
29308
133137
41690
118290
10980
1562
102466
13416
158783
105709
160357
155354
107197
20391
129811
113354
156209
19490
22477
123782
152602
99377
31638
4687
23773
159514
102813
142786
157256
128302
97636
1131
101750
120239
34389
94589
75540
92553
84800
23123
101536
2244
13622
28252
118074
24300
59132
48867
2811
20621
29446
121109
86297
142992
150139
69148
133953
46043
87607
125891
50962
304
114694
17528
12132
147584
88182
85072
101263
132135
140597
143087
93196
43284
32346
58710
88370
160690
157081
17213
88454
38209
37298
65371
17366
20407
27821
76016
58221
19402
101658
107751
141394
118730
59861
88522
20899
135
48315
131329
23969
150799
130730
59147
61003
43649
90155
143423
8786
74467
27620
121783
66242
153612
50276
13079
80322
158494
67716
17679
2722
149199
12639
148781
101925
12705
148788
95188
71792
43677
71112
99814
119409
135086
146161
70008
74097
75029
23202
566
4353
110902
619
111551
44533
75544
113507
129754
94844
113577
147076
10428
107355
2135
12748
68577
80500
92403
134556
160206
84864
57581
57582
60477
5762
20207
89257
135240
146964
17807
93654
135702
54850
102506
44640
35998
59683
55446
77086
90305
103732
18283
91085
109741
30608
131423
128417
6350
134796
140583
142393
31807
34813
101460
137047
144527
121407
137493
34803
113598
38178
140172
128898
6281
119845
44145
83134
113769
151421
15568
138525
124586
19615
52700
95222
85187
118780
105439
42645
122621
119425
61294
114818
149960
95
31842
4482
39611
70682
144162
2124
7275
81144
4283
21525
110871
75278
159261
101459
126395
105219
99951
99418
92233
32536
150727
86150
8058
121749
52784
136098
108695
122486
150699
161297
82872
105925
68381
67011
143195
79069
33681
155770
138845
10863
6088
2993
136435
32368
17440
69178
123559
157384
134142
5982
3013
88916
22306
38997
110851
126233
7625
35459
94984
40020
151359
2
327
17759
95152
5467
114519
48247
31607
3210
18941
93989
144747
84465
152057
113560
156001
37274
61830
36493
107936
45773
104123
37784
85997
11605
69864
23880
132558
57896
91185
149007
9754
60163
103008
98694
27604
148856
5841
29131
3079
145815
21205
99135
21825
42622
139170
103007
151431
65426
16209
159077
148566
153987
121414
160396
161226
7656
120588
12271
70596
147878
2089
71420
1591
90108
67301
77557
38921
73413
111223
40133
33972
144990
112475
5765
22877
90775
96620
141176
160856
89157
134810
29453
64700
48258
119592
75914
120272
156609
118030
136394
69759
59922
106291
68383
126876
17467
1491
15508
107682
118029
139188
89086
149316
106519
81463
109720
30440
125420
8703
44094
40527
107277
99282
147321
161343
124839
138533
81459
152272
150281
158868
122682
14897
155649
41751
27806
24010
27609
50974
83288
26898
81306
12984
49702
93742
118972
72370
68377
40653
29465
143929
81575
58442
101098
151969
108386
152271
52085
95139
50838
76719
6348
79643
113041
48737
108303
61437
27893
139721
49791
62970
34123
34136
61608
1938
71638
96742
83167
81763
102148
103568
124682
66170
124159
113378
137750
91191
100304
52916
118997
139411
107046
91045
149146
65838
75360
115978
879
5961
4282
20201
118892
131865
79087
74890
160794
54162
98051
39930
104486
141764
34683
159644
35718
90430
156034
20381
10129
52065
148797
38556
78037
16105
123056
143971
4666
104363
83275
49738
86557
121702
3071
21945
106662
46659
147715
93209
93195
41012
124497
104044
138964
39962
34106
146812
48609
120773
52926
48637
138045
20389
145597
87942
15546
18854
112097
42343
150737
12310
126736
82454
19300
116866
140718
90529
1848
102492
85762
34370
120758
87984
42111
78728
72079
119868
74720
94378
32336
43321
83464
126075
149691
160348
85699
147223
7770
62219
126914
94259
153142
128860
122706
68399
44136
159280
7305
132385
24760
77022
156793
13671
137869
34680
62401
49593
60959
100025
114146
150654
120712
83017
36617
44125
123115
149829
75220
96351
14942
155729
73336
92090
45090
31025
90562
87036
28599
55148
113315
129500
76580
99647
161420
122712
14623
72625
121064
61030
75662
5967
78144
101908
66153
81148
19613
111419
107258
99986
75241
87670
124535
24779
72666
4312
3172
75745
76417
14164
13432
81471
129516
16430
102397
116752
122252
108499
131724
112312
81517
7516
24844
112053
64693
37314
74613
109640
2943
168
43597
89562
136754
151978
32262
122031
157767
107343
12304
99875
91290
27179
107064
133728
42389
150884
102041
54483
23783
17844
28541
138869
16568
116929
118456
59252
123344
60322
125494
150177
102213
29860
75863
34376
97349
109878
58155
36517
72129
144157
12291
141446
98527
105134
126537
35831
112716
132877
159855
25572
47794
78395
58659
36193
143533
116240
75744
160616
68104
12564
76673
30341
134317
5393
100624
160774
149564
8179
122274
67329
145704
55712
101700
111146
41325
135441
7082
11921
26445
7773
206
114768
113603
60719
1495
130173
83668
65345
137540
40709
137395
123958
73921
106872
117288
89507
136314
33528
65829
52020
154865
22177
107916
41733
128063
76878
94568
57222
116747
38262
68017
75304
96566
93092
39339
85685
34386
107239
95354
6763
80968
121545
93216
138440
25928
150962
34197
108446
13097
121599
77583
106243
38521
103876
21587
159455
39691
68394
153836
51953
19111
19049
12717
96007
3393
79315
56811
117534
123925
19041
4047
53851
22247
115502
52518
71256
68410
53946
14275
113456
15926
109838
39987
87761
36642
80056
125052
74324
161033
139720
156231
78783
142619
112530
128340
110970
61069
101260
146334
80024
90794
154037
33664
161489
4646
81279
115542
65915
79520
13741
90298
64630
99715
26585
16131
122742
110722
122558
87516
118174
39942
133005
109410
155907
86881
113835
130153
48960
161284
38558
6388
53397
33823
108432
18517
78924
85175
159649
19940
145233
100527
37586
142448
76302
115293
117113
64223
75498
41223
1900
142807
8610
150918
108550
143437
7245
34145
85530
109579
44918
45941
120123
158846
96800
17848
38617
20363
27626
39786
142748
75359
80911
126746
53409
71776
86986
69958
82121
28390
85908
152582
97326
31644
112217
80726
11344
85641
119708
24841
125227
75830
97546
35975
131187
105312
124741
73515
68279
17019
93943
158525
8812
23849
97802
21957
7211
119478
133823
100247
103780
45368
3178
85515
7295
83659
23790
45487
109517
141921
54465
45125
27995
9749
46827
40726
1329
104818
6752
32204
89665
66460
95884
19582
43046
30771
135996
48851
28883
132381
44065
2156
144338
153406
124609
73162
26138
1980
11398
104642
54883
112441
104719
893
156249
83255
125631
49541
98269
94777
76652
99074
143227
129562
91958
3357
146500
95842
10500
32435
93714
5095
48133
44248
98008
129270
60493
42533
68406
72168
133760
157623
42991
82303
45435
64103
58369
101233
134929
132457
120986
41345
107288
104539
81377
125837
129259
153274
69264
22857
160275
160317
17472
146206
90765
3158
68115
119484
122528
154794
40101
2860
107043
161215
76833
99370
54050
47601
12699
147550
55926
90962
34152
131920
24689
5391
114264
16657
115261
13696
23688
74303
68
112937
8854
18418
101512
140674
12773
148371
67588
78120
101859
131346
5660
129563
5976
152015
70123
76498
4692
156886
94560
149359
77809
151155
161536
21451
102043
156752
124610
106988
36870
90689
118124
136564
160422
2796
96675
49664
58617
43698
74549
95253
54467
41524
110533
97036
130866
113810
81613
90182
81077
110040
119066
41233
146998
52511
110896
110044
46646
114247
68711
49254
3209
67237
28341
105081
122076
101818
48111
8920
43158
85261
20522
149766
160672
42353
120430
140017
120501
2424
102256
95468
44117
93241
21008
103985
78700
142115
98680
122929
603
69849
83303
94528
94952
3881
140369
67262
36037
64456
161275
96113
104063
123596
70709
150406
116535
48608
10204
54909
24831
108590
129826
19981
74748
76192
15374
74557
83223
49272
83739
23205
42338
130317
92398
154214
30008
133899
17509
122416
52255
88007
71315
137278
71291
71485
107211
116878
55542
24722
56804
15225
3072
123752
35713
133042
150625
25800
42266
66388
96787
103023
14607
48555
98027
95643
28416
25295
35570
47377
133774
43775
134151
113163
42427
5529
114693
67936
4931
117819
69046
20318
126793
151901
27622
23030
113942
829
119935
6996
147901
113227
119954
62370
102100
134472
114104
135734
16052
44493
76899
43352
2533
155346
27867
48959
98954
116223
40134
110701
56182
87901
21294
113433
63942
147353
150478
154062
66949
76611
67000
76818
6571
146451
126862
86817
142676
146704
21335
157091
11548
50342
72126
40405
110398
96726
3521
150273
70787
65820
4035
27851
131857
22748
74453
144529
60955
131292
15021
67818
138627
108880
70987
148987
121116
44702
26771
61287
48517
82794
25345
8923
41642
47623
88409
127682
2447
126337
104234
19911
138376
85965
43929
68853
24381
155992
81691
26004
70805
143654
8014
121553
121883
99689
98824
189
19121
14170
52036
37677
67026
76910
127897
26083
4322
23707
521
110492
141530
135057
37246
8728
35106
54134
75397
83178
148682
113669
70797
46910
93173
134863
76671
132169
116976
117917
132731
152019
72145
45862
101954
65391
39140
103539
6568
94538
136226
16370
159599
21143
7298
159321
78002
101663
113925
102176
44054
160887
89258
135239
55123
113245
1681
8123
37456
120260
13371
90530
125026
11088
33347
138003
78358
102261
49073
141009
156918
159752
322
32551
158649
144382
63497
127143
11790
16389
82265
76185
43693
29954
14630
96147
41230
105311
85325
33248
140685
115613
153002
91147
149538
107853
104105
60568
73727
119085
16918
93634
139910
105318
139356
138167
89821
140915
74669
115558
59811
33380
42740
125172
58996
132213
132215
111427
18643
143225
6819
118357
66875
38250
143234
68026
96915
42140
77954
101576
57953
51047
92181
27297
106947
107359
104062
67916
70144
15329
11617
126003
18693
86278
124142
37786
106369
141304
47022
148517
10880
52440
1310
65134
88660
158176
40648
72560
91071
99669
54126
21158
59655
23025
139195
131521
102565
59052
42657
126644
16851
12962
160928
89366
93303
126593
90660
156690
72468
42135
87634
86258
96947
21468
42527
161414
9677
122338
81655
21429
2751
146514
80895
97243
154702
58390
145134
127039
93455
104925
74371
230
35600
97176
114857
144051
138766
77110
138731
49438
118926
7933
36543
147796
155903
152888
26448
124190
9161
81916
106343
139219
156305
69183
56846
52842
159782
66522
74149
61672
135425
31413
74088
62134
103252
21683
120868
51049
36103
123412
140277
56417
14060
46845
116
4251
22098
52903
20662
98592
129072
121859
158260
57137
72677
134143
21354
110110
20069
26061
151393
159905
112653
46723
24153
127046
112479
78524
59159
98955
56936
32072
58257
126682
2171
95338
62986
147415
123569
112031
33812
138777
46923
50443
83352
27136
107502
113709
101461
102836
66525
89569
131719
143488
157347
7557
17442
1338
51421
25792
27116
113629
122432
67387
132633
108352
10515
65776
129338
127459
58729
145505
26095
107364
54782
115278
117792
56226
125397
147052
88338
36436
78651
78131
9447
43562
16762
2715
67815
91155
67214
87906
153408
57813
35309
51762
17088
50995
22915
99472
31872
108923
127731
29849
77549
12106
56004
62693
108463
33
23555
44849
42668
98131
79371
13249
75468
89497
111885
94468
88256
33191
85805
88090
77903
143501
70167
26204
78477
136284
67295
158198
148450
94282
148002
2517
61784
118396
28414
52254
126329
122567
63324
123695
19076
18690
76734
137622
153994
8015
155467
128755
153128
139409
124544
91762
19432
128788
144263
1260
79094
83864
52566
18991
14288
147693
157138
72972
141835
156688
158867
73276
133913
24027
42982
147275
111722
96797
35176
45189
58955
148706
90579
160992
104919
146579
88591
125653
104257
13911
106567
3985
49099
8159
153483
17134
156318
88195
77067
8955
41801
19359
153946
47404
20178
158070
136841
86815
142905
51215
151830
141261
155334
102904
135125
2540
15137
35623
99040
4534
111335
44760
138912
50755
61321
66817
147368
47530
28412
148776
5620
114592
131261
80798
146513
11698
108325
107112
109116
57443
79484
118242
66636
33752
22806
41512
24720
128365
160714
100457
62493
288
3037
87564
124235
12253
102672
42193
78266
21243
88051
125703
82368
104260
120354
33161
74201
36892
16677
33777
61101
6971
44554
55591
114076
49560
143494
71595
65406
26823
101679
150320
139258
90082
148948
119332
19694
91189
33629
147002
20504
6626
64635
98332
44396
138425
90621
64155
2283
115474
67188
122030
150086
44578
1151
110721
38221
124964
98939
78207
51855
159980
92709
155111
155203
87643
84635
122933
29544
160745
60269
15763
127619
92378
97600
4690
43505
72714
149879
101592
96831
90493
107468
2843
46368
110429
88953
5460
131944
149001
48178
41140
38727
90870
55137
88107
83869
8106
25587
129316
120201
137965
75036
64242
34636
72365
119492
86446
121917
62940
117953
78531
11455
7575
96931
84166
102024
124566
40512
146113
121056
10560
26517
69741
16627
14657
131916
79063
134806
23253
95060
160546
87059
88770
82007
11539
152593
25172
88303
152381
76257
134661
92765
155300
5002
77083
7182
89931
114091
95092
5060
80994
119614
45
58720
144348
153419
99137
117073
134707
122396
36678
2896
4430
7987
141608
47609
41461
102752
81284
48707
144430
131466
13050
11100
128756
98708
60510
125242
75979
12094
15504
2738
129103
32625
9788
47487
7271
119674
71658
34630
11923
107808
8976
151381
22799
7501
2897
88524
99494
106377
8721
27633
51028
145601
156928
125302
9971
71889
157724
130493
82406
17181
39
101264
112439
122468
5241
78961
76947
9406
43460
59473
103602
127080
101136
5839
14436
31013
56377
60584
14461
84686
31204
71531
77345
28196
116111
41404
56235
139074
67898
138385
76975
8643
2327
1942
145271
86623
30138
107953
18089
134291
101586
88602
130140
133330
23198
74493
4224
126686
27090
140384
77225
7438
152648
22590
40643
87708
8872
37878
10359
15521
88324
39739
121608
26406
138103
86416
36565
146756
81379
80102
45698
123154
45784
155160
110577
121851
40341
11286
33844
89770
6756
58491
87829
41465
74073
70051
4659
23654
14029
19115
15745
157811
87027
134630
149813
101435
43293
67635
152041
19634
37500
142349
112062
49973
132626
122482
30113
54889
55035
12746
115057
51751
148796
69110
81489
56114
147606
805
120426
642
9670
120052
83159
106984
159524
9442
111788
127426
122615
81911
22364
141763
161362
155660
35574
7425
34861
98715
81060
109099
1377
67153
109662
116455
17541
145191
136911
38240
143363
12796
33156
147821
153029
24681
65186
114711
131457
42721
19038
75582
97102
109150
77830
133910
68233
97442
110150
8246
35630
63820
21410
54070
803
48896
128789
28219
20400
27788
103986
77637
38434
68273
18310
140746
60238
42060
160950
160917
105987
126403
124019
30390
129796
13172
152429
30318
60739
71437
115432
18875
101040
124803
144158
39000
16540
158618
144107
18569
159841
19492
71186
36363
29724
62830
95874
19293
111130
67712
159325
22
248
106730
91135
77396
775
98526
50426
131048
86813
77145
93798
130104
4719
127730
152985
46164
19298
109721
134072
47018
64127
11997
12206
37205
43432
3696
122580
72024
125328
99434
98358
26257
102439
87861
96051
107469
128526
40289
110813
42443
13940
153136
39071
152486
71612
143316
15304
96608
158118
123314
10862
85747
71227
36968
40797
82823
38942
12794
142833
153238
93914
101250
74411
111367
36147
157469
131398
87784
147091
78153
119967
35038
123029
27933
99856
46001
79992
86679
117221
115633
47021
110337
86708
37599
114800
15410
87867
151365
64629
128439
40271
71877
107403
7713
120680
78303
61510
103666
75643
136360
146858
10764
144049
34866
124176
72166
40841
58119
25760
129816
114804
149646
32789
59491
17911
60548
72293
138842
80840
115724
40661
132575
22939
18036
47919
21580
152896
143829
109994
118781
17526
74968
137507
17313
95128
32442
83820
56494
53307
121488
90602
29745
159643
103636
125150
93485
130666
94113
22781
79801
14546
61783
9631
22089
37741
67151
26572
140201
121579
79367
79637
133929
47131
61091
18423
18533
33961
61387
120361
63208
121479
158513
76888
72372
147080
39059
100028
34975
67601
64363
75154
130530
6627
117790
23218
34347
80927
132053
127224
86995
113794
28214
34649
2205
113159
103864
124112
29542
16520
20882
15639
149834
46218
3722
137083
20012
13617
62810
159272
54645
86863
159220
149185
111018
160661
96146
39277
118769
137694
107435
10740
122166
142656
19707
3120
107639
139276
23259
38726
77198
72667
73631
87875
4363
151922
18495
122336
12847
28950
68745
153534
123918
48607
157698
40116
27547
132047
69598
14676
85456
78376
10456
15350
93071
135889
18247
89775
39669
145107
86149
35697
119730
111309
32410
125914
82479
108124
11288
107747
94586
64621
42779
10750
13497
152115
130159
91439
113179
1588
26901
130677
78116
9926
105430
1520
160720
111126
41231
108889
66624
148420
92689
155038
136563
43679
106228
19175
24126
28747
85013
150914
89525
58154
130338
54598
77379
7784
120904
64279
51365
53532
39043
89824
112590
156508
70936
86445
36690
140333
50203
81526
20510
28511
57286
67535
54045
127125
64415
149741
125338
76920
37602
76387
89736
68835
42885
43678
93291
18616
82987
105742
39951
140041
126768
36781
65587
113630
157152
43503
110080
119305
138428
63047
58146
44975
86060
75316
2872
12783
149615
90569
58166
117793
2607
88190
85263
118732
122597
68077
110599
40146
88775
105766
108468
108256
144068
1757
160493
52781
95586
28256
107622
158850
126502
60543
68994
7186
137024
106215
66156
18878
117263
83672
131956
75388
107797
64503
103964
28948
18127
124770
156922
60743
102124
41687
107879
3159
69372
4675
24834
33310
60317
161398
139897
136850
38039
142993
112096
45622
64028
143673
114504
131113
5667
9877
103902
44193
50774
105578
146625
17035
70129
23204
153996
146576
62316
107009
93909
12097
160319
34294
15353
8877
7581
121832
15343
154941
96775
70076
113280
82049
84019
126910
138155
15831
98096
112573
154048
24118
142287
134248
96629
27122
130889
12675
64056
146142
77905
9340
37345
38331
79389
46306
18990
98511
157224
52029
91582
105372
22532
149184
99578
32623
74521
23558
67915
32605
107804
8830
75103
96140
143058
126363
106987
93812
74872
112215
33990
98249
154297
109495
11073
31361
149663
116406
3042
137072
38690
102128
72966
159653
59485
72576
112143
84085
98370
106289
117177
56147
13750
54779
59478
102405
9459
99662
147990
155230
61545
26360
49340
77675
36573
151506
17793
103360
41267
21053
38204
105299
126721
77324
71553
7569
135364
94889
102058
123119
144076
145979
126553
39605
154407
130629
63865
2384
133327
23977
159506
151150
14394
39628
83809
31343
135587
159609
152070
66001
38724
63598
88957
83229
156962
108312
40342
50480
119696
132252
106364
40377
28871
124230
102689
21037
153391
95048
150190
134959
157505
90533
47396
29636
85010
132868
132294
13725
74851
1460
60918
37988
16055
90268
107887
65269
138388
47811
5600
100351
17367
76839
61358
29318
31537
57305
44214
154885
72275
119993
11308
119035
95282
30986
157338
75700
150238
86582
89552
136724
122062
127495
137018
122769
149651
158432
105638
87001
95121
86467
121485
65589
102887
75770
3933
67142
51346
49208
80374
118334
88414
16247
25042
98313
57715
3663
21099
83932
63372
70609
132913
35537
134850
28
19162
19668
52697
16365
127500
33495
44568
81175
19709
17906
114025
148849
27636
80368
16145
30980
123999
115172
142310
63054
34738
74643
95272
91870
94207
95810
69374
82150
88539
99721
33304
10212
134037
112691
128577
113730
102434
94629
94598
154287
90806
75722
100824
39742
23777
144434
48334
80955
42749
20951
135727
35811
68155
114905
91830
135868
78742
11225
25962
11144
29994
136804
37941
126978
108334
553
15765
133525
99022
18266
157807
135095
47981
643
132425
12614
6614
119010
26913
69026
38534
43798
51397
30689
134673
38701
78905
742
26008
61151
12806
144023
152651
93696
94996
107100
155509
18055
102745
65356
44471
21286
158162
95067
98108
49035
8331
57685
108668
74825
59457
102977
1413
8320
22741
82858
44235
108227
158201
79290
15616
144892
32556
45876
39389
144612
17219
62642
47218
80638
46962
80332
136421
130243
88620
101488
126478
45994
125919
129613
59334
123662
85768
34640
25363
125383
77380
7787
120914
64327
66497
117670
4738
34334
79811
113840
28076
76121
89660
19500
146416
79003
68449
160641
156679
146149
18020
32127
53034
22756
69970
28643
19047
6709
136131
34822
65732
68762
7852
78155
128956
117989
18834
48457
60444
79487
45563
72077
89338
27133
50189
11850
71540
140093
81183
19748
105476
155591
44338
6364
114490
15751
89228
8071
12005
59840
6312
117320
55912
22649
21497
76587
107445
28826
87893
23033
53465
157159
56942
32092
42644
105343
145662
42795
128560
46880
98471
28913
132698
112197
21606
298
38759
123738
93945
37989
67599
34172
74550
95071
140585
95933
10336
88359
39702
23799
132172
37129
66144
12718
9419
126886
38776
13486
45999
119472
24402
127029
28049
117919
29580
147093
46473
224
138249
103684
123759
103141
122859
68780
107144
37306
101544
107699
94478
152436
105334
152324
20878
30910
56218
116062
133215
149339
49395
11044
62592
84931
2207
54730
10319
108345
32840
139839
98652
100519
2138
109104
40339
71984
58523
37403
160831
89034
78202
7682
28874
110864
69661
82905
99932
139114
142477
112192
149633
100641
58792
38118
53448
153106
115994
133101
17857
98168
47302
57768
52872
106298
108622
10643
5780
115709
61874
12303
158507
99181
56274
149677
42479
132499
152631
145903
140259
139467
46188
139532
53335
26933
11686
133839
45582
66124
146685
159927
145470
56162
18765
157889
66159
37898
89308
25004
24984
17258
13560
121345
65246
71287
84068
124000
36111
140836
152604
36973
18167
115118
67676
40676
146301
19502
57225
137923
46077
96989
152471
21480
10152
85604
126468
31812
120686
94097
35666
145522
40938
157627
127646
13467
19454
124753
20033
60188
109291
26944
24927
112683
26295
48853
87620
19459
68959
116522
133867
109233
26604
54793
53758
87469
145746
112860
128839
71293
108797
17865
63946
92821
18505
24865
1663
43095
71969
117996
75217
156309
2068
69875
115584
2890
136768
34447
62096
154681
95837
40407
73354
85296
34195
141487
3306
109663
6744
118141
98724
122923
102661
23994
112208
113171
43694
90596
65628
60816
111890
129121
33748
59537
135764
18984
146039
145507
156708
9576
160445
150033
111438
100894
67050
152824
109296
1101
32767
82357
35181
80954
108117
105194
109816
57117
141741
15459
18936
99663
35486
158343
35944
10325
56481
2962
93482
138239
80808
17778
67913
157600
21376
83560
85812
18286
43529
40397
102459
138472
109562
132721
19193
158351
138037
8752
90465
42650
154403
42685
30930
134928
108051
13386
61007
47847
143320
159175
6284
133673
113525
116879
83685
36608
55233
25910
116103
53750
118904
60196
123479
70294
108074
111698
44799
108809
115479
52473
132390
33436
109698
30187
63912
152862
34904
29280
50088
118572
15821
139470
24547
159550
61566
139543
143791
81079
94810
112685
112908
46794
128913
86211
33326
137987
97411
71667
71441
16051
86143
28238
96679
58573
122050
142438
35787
82090
28386
31993
136367
52452
103150
100891
110321
140320
8019
80883
100390
65279
10550
89553
37636
5824
87506
150624
111206
76773
99244
21381
138882
158982
126817
141500
128056
153341
64772
54435
127738
18894
8680
59327
121094
50914
105810
119432
42857
31895
29511
5886
71795
115307
76775
15770
50125
9245
57438
105900
83188
26505
130267
11747
83129
57686
95471
123989
33201
103235
85582
99029
42222
39928
26732
49486
115397
52154
100341
131069
159612
10493
47429
65429
127291
118419
59105
41322
11624
22430
81042
121951
66587
62399
52186
81906
102150
132788
104472
128274
112461
94729
1426
8411
42172
154015
161024
65678
99668
118743
118547
137394
145735
95059
97713
70335
84687
156947
140764
31462
33646
8916
917
80173
35294
159105
139215
90186
144963
43383
155679
39034
109752
78711
150249
138018
25395
4762
15727
38076
93626
89270
91041
149138
7436
34888
144922
63621
158659
153832
145749
126963
135698
124577
146611
82429
85459
90477
89226
128020
108476
91856
115520
129966
24559
96809
1790
92405
19955
25421
129134
91140
7898
108484
21697
120920
142646
83118
158864
92310
123369
144512
99189
110617
63685
118035
70417
3858
41224
156869
74193
57468
61382
8394
70502
99084
84009
108795
116046
10342
33801
73370
147577
18749
88854
79293
158414
64697
96055
29802
102444
129459
57985
5894
29274
134399
148293
78919
102414
134820
27542
50864
36020
43656
71491
115208
131817
16911
28512
132330
100002
93253
104618
123657
70831
140433
72094
105624
1894
33787
127456
85645
34297
126041
27833
51358
22164
75378
7007
111306
107836
41936
76618
71839
71502
71884
45938
126519
88372
54950
121098
16816
150938
13529
114352
1364
8129
96783
107873
121946
51862
94976
136146
56884
31788
97944
23794
127557
103172
144665
109479
106569
159425
85701
111856
138793
19852
152257
96987
18429
76238
86078
42800
82644
68769
140479
85835
6162
79446
126938
147586
102670
130234
110967
158098
143092
124762
62060
136471
36930
161316
35785
118821
31458
138236
104602
39887
43526
88561
125544
14947
94632
94630
161371
77448
150400
44768
89529
96873
108006
44426
85934
98485
92848
93886
155575
35278
120471
103341
63113
66382
101836