8371
20784
77442
57358
103157
124813
64173
37951
63987
5191
155915
102820
158779
20315
29303
117203
9796
45831
39409
125023
94306
7403
20000
155552
16114
82978
48327
9255
71945
68418
45707
39112
129691
65870
91690
124191
18266
131982
108763
20738
42845
70053
16803
161408
133743
9706
65311
24914
144814
127888
72514
137417
28864
40426
34991
30460
134427
18212
73552
133145
76498
35439
75057
147281
88791
106973
98925
75069
89049
10726
10729
45035
43969
73755
137114
13872
20523
40390
76886
107234
76077
134229
145800
15675
34586
91841
13948
30357
50720
105517
157652
57868
144646
47442
53657
69353
20110
77372
62905
144119
139279
146415
20115
20991
76497
119761
86765
122216
9707
102574
157767
108631
132278
60882
135356
69600
102182
28091
84868
17988
61964
67757
144972
146827
114635
6492
92297
112998
156643
128348
48393
107858
11084
116730
134015
94508
41661
63555
82836
52830
67276
24238
72052
53450
51810
102417
99434
9656
106439
60102
94613
124968
71425
132356
77503
1616
126951
106935
47695
65447
64867
96196
144654
87414
44968
71266
94773
151659
35659
80225
139909
98324
145667
53946
44081
101605
133763
94415
101936
154107
152051
53990
119704
147034
45078
68614
131608
153269
18149
111462
122613
160867
11061
89786
50875
129815
79447
129860
126523
49726
17170
68044
52029
71895
138114
88505
21492
23383
64428
149923
91070
5927
61185
133545
149726
61009
68754
73861
104381
21292
104702
55211
132357
154681
19081
71980
138672
108646
52497
19013
73380
16879
93524
155577
141131
52396
159693
9446
80942
118601
153597
152146
129509
141673
79400
69829
137081
134280
121340
24856
139084
30320
130965
159598
136004
32946
30013
61791
45853
45421
61361
160146
17357
73900
68150
51027
95794
101392
24350
8867
32530
11867
105614
77514
27443
94776
67516
145524
50779
131306
131780
132140
132460
151953
56272
147131
6385
49394
68100
45933
68097
97104
47665
95189
59546
34289
110200
107455
134437
29618
126855
47166
15462
135642
30272
157493
105468
41129
65672
139027
44628
54864
62175
28949
139072
10638
104476
146047
137516
22421
128526
100397
7438
43197
27047
20044
110688
146953
134756
61130
82750
21038
11267
88253
98567
66170
125711
56695
26567
113489
65308
55717
111371
13476
128681
105024
102657
69797
61553
102617
61102
118564
109654
51878
95760
47828
135559
58494
127404
142515
46177
12195
111187
85296
140219
33645
68946
146820
117500
65928
5171
58481
55769
75385
83110
60808
131811
3664
26126
155121
78069
14768
64661
19565
59843
134323
159430
75131
112679
110791
112477
145513
64028
87703
138534
20057
30290
7755
69252
10329
51010
61230
44942
82725
81389
120951
142653
54707
49106
10335
86134
96165
126470
118160
113763
48366
104680
58570
139853
111433
59175
155981
79398
46392
48037
67795
111324
92396
116100
46513
127566
118390
76251
26447
49400
48926
48477
13342
8086
24162
79744
14415
107436
132131
80773
120129
141562
45423
119400
111585
33585
45643
105223
54447
146977
67361
46191
735
143983
110291
132568
137892
67482
45746
64107
38329
43010
157559
10409
160684
88146
134989
63009
133386
106611
140389
116492
154855
156238
144541
68586
52151
10318
121284
49262
46609
131202
60707
64781
96900
47149
117476
97706
146352
73241
51149
28959
5353
139575
75797
74036
159171
31878
61262
66667
50740
81956
15584
72208
99010
47443
23126
46045
10513
111586
84077
47711
6201
44977
95716
134238
18803
28630
110439
7208
65286
127046
64432
68084
68087
85297
108640
142153
151089
104351
22245
64653
54221
50724
129746
146755
1280
72282
156647
132475
38081
107549
60010
40612
3203
17920
80962
118922
49353
107727
16277
152326
149225
61918
114542
118573
137819
112413
154420
131857
130110
149282
108066
34524
74513
136532
63427
2987
19017
149818
155765
114362
96485
159901
104518
67802
71601
12868
20099
66076
115083
14282
57988
93406
71976
145082
139491
25549
62968
101314
88599
86038
95644
72774
151541
144312
62280
146625
144499
141491
137753
102996
142346
73625
149644
143066
102774
142991
37625
14628
143159
129059
60277
90396
6674
102140
137587
106349
145720
108694
139856
107882
120850
111775
143759
88432
39226
22167
65410
109724
11031
73987
113051
141484
140924
98046
63904
84313
85258
4874
147919
72015
145106
33680
125979
90583
53695
120135
161045
71337
157996
82855
127940
54755
64477
577
90543
65614
90130
45329
113629
77833
158585
138716
110839
131492
141163
21911
93882
47657
98117
48417
108053
38563
155413
51821
135492
126825
22891
156583
126957
42943
100088
42958
72482
65779
147674
72224
1074
143953
3695
102801
90161
52259
52845
133308
19194
46954
141040
21746
19124
21670
51248
145083
130895
84068
117524
41382
11026
110819
91935
93838
94819
23264
43152
34609
44082
63111
136503
109139
56444
69134
36090
24259
42283
7373
107735
48331
31160
19171
16657