142088
109632
19493
140132
62966
91522
59763
20367
70494
15299
11551
93085
1180
63670
42036
43622
140428
113216
123919
49738
121319
15956
63919
109127
50146
9425
48234
51889
84181
121403
14854
89788
61170
4098
13377
22998
111329
95106
33208
98030
5256
47542
84852
148869
47587
107063
49094
125056
49205
9994
140420
33534
86050
146849
68745
114813
16066
51157
61143
113806
71679
126951
89461
101301
64652
65964
158907
125190
72853
67504
33159
61761
139848
62469
65441
61683
18650
106702
68648
93361
21499
1578
130154
10338
45460
39071
63987
70289
30848
51893
140964
89925
127681
60999
40354
112166
64240
26035
44713
110811
16823
114786
11697
22781
133131
134844
71585
18323
137893
119753
68203
68557
36435
63645
8298
13357
25140
101280
35358
59855
26867
66196
127093
31870
18151
55692
140928
107391
89720
45786
45591
32765
54296
141139
130632
64722
46246
56798
2253
54165
145646
36733
160099
142947
106249
52557
14281
149686
153359
102631
26048
73839
61092
118000
88806
150092
78708
2871
68627
68626
12500
74997
10734
51552
57411
45316
118955
98618
10779
142758
148966
15108
102773
61009
144331
2048
70356
88212
68192
48851
36979
127804
30722
10436
45963
11217
140237
57237
106408
58219
83711
79648
74035
106025
135853
44461
51248
11679
140499
58735
33665
161532
129655
37788
148881
89835
69969
16898
50317
52926
42620
49242
138627
48100
77362
131425
17597
17004
45008
46377
137458
79070
90009
2032
143256
129848
66620
117855
149703
45563
118525
64354
119492
90587
74053
55212
119181
18253
62490
52825
134882
96470
102902
90610
52105
73647
14231
24225
146187
66252
144896
64352
66414
133790
132455
138662
50416
117671
53271
59635
42873
118682
152248
102574
123245
143731
101483
6489
93826
152688
158097
5461
72425
152054
40386
99907
36020
104275
139495
141501
40906
52136
136331
108814
68795
131052
61495
82126
65077
139614
56133
10955
37899
61723
95029
13468
7741
106764
19137
35095
95007
44766
73922
63401
67100
14589
18612
26268
56103
72106
69485
158108
147193
9865
64047
157506
128706
4266
1424
63201
117998
60858
141319
142362
41554
94601
26111
149729
90018
146570
5766
135113
60936
41870
141504
11208
46190
101627
130557
7536
155821
13073
6775
49233
26646
127250
138059
27767
59050
157597
45746
67460
104662
99564
106470
40109
131523
106015
78604
57116
139360
63903
107408
96250
51604
136871
2955
56433
28331
52886
121881
66430
64320
113472
22094
129111
74117
75476
66467
51253
3966
48916
139529
114185
142841
57257
56320
1705
139247
38749
44885
57247
27445
75010
132689
139561
132565
132535
8393
60983
13012
436
45104
73606
58081
19570
51841
68064
95713
45584
11861
486
106913
101727
63644
160715
66186
90745
55920
126977
145063
56449
134814
49101
106843
98863
25684
132396
9463
39408
133884
93456
15770
144203
144143
129997
67558
76610
130431
57920
975
69506
16327
159413
50694
135885
106342
61694
160606
46569
70906
62334
132247
29683
1268
154583
115889
139519
101863
85058
51200
41436
118123
62637
65940
57462
145972
72883
143177
42640
146727
107810
126783
53573
69356
144979
134541
73366
111225
160525
159240
75235
61930
58804
147378
3993
112293
131743
16697
92820
160949
53162
17403
5621
69674
10798
33353
10409
59543
66145
101647
136503
130949
80779
127329
31080
4917
24147
45765
93165
53006
143623
53634
64477
68589
2370
47151
75594
68953
45373
68621
106065
48598
106085
10913
83988
133975
93333
156323
121550
8303
45343
106246
145553
101993
15705
86177
8300
402
63909
160621
54992
40754
127401
68567
45229
138077
608
18784
93417
139841
158895
85767
121364
72354
77096
61227
87794
55742
129795
92289
62192
72817
110318
32572
39081
145691
42457
103906
56497
44066
141889
82799
84926
64782
100806
48918
95100
17205
134674
14011
14072
153490
130275
108126
143610
2583
67755
50986
156543
40841
60526
77528
33914
105176
54543
122792
63511
156303
51357
7951
23068
59560
57072
140222
48084
93893
61257
16184
146982
66209
158885
106276
126724
63518
50349
42652
133490
138905
138124
83761
37392
67951
61260
160430
55390
1175
52436
90137
143797
93709
98575
113427
81623
88780
136269
147965
66052
53735
143714
100177
71717
21286
68749
134898
130836
3342
94037
27680
86430
133478
49874
107195
153475
82230
119715
59860
122581
123148
80424
139242
43814
90891
139058
31596
1689
135252
74928
56948
24085
129467
10360
38504
117886
108332
9265
59871
121861
67524
126936
145994
132199
110572
83042
114753
46601
141872
78336
46005
69005
56750
141799
57182
51047
1940
127121
8961
69836
57191
63109
139445
140563
105627
9216
3427
93963
108457
91532
153748
51355
17047
144064
52867
63918
94486
10259
142979
39647
128571
27600
120073
130857
61072
102029
57711
62226
936
20602
46851
160195
129349
146205
96175
54079
95924
134762
139292
63556
27860
140913
141772
66147
57984
139395
17197
136287
61244
19653
52390
102785
1702
61102
61123
132593
51035
159884
149718
155340
63315
71526
160558
5924
24775
18666
93390
36179
61520
76771
71243
63243
152704
16683
136868
67814
72167
97137
62609
147156
11374
147550
80441
68910
45785
133036
19359
146052
139252
48316
11087
145470
63376
71741
58278
39927
72666
161001
88883
111949
9717
59278
67963
137887
113700
59465
108438
79839
143591
53338
160718
145073
147557
23026
11031
146560
94160
43659
147336
117709
141502
151749
44141
2530
140611
50968
53113
15988
35939
8267
56342
45307
72680
54752
13959
142085
1686
65660
51665
132580
133844
125042
129542
81953
155301
145785
88585
127700
115800
25032
10183
147353
52198
76947
138625
117309
88349
144050
105568
148620
136963
62459
52217
70547
19343
155487
114507
13467
91432
132976
72107
77314
91242
76704
160310
109287
75104
20722
129600
51810
23381
6566
93241
79382
70680
56610
54372
137740
53992
4487
89391
1688
89676
71193
81956
89145
41988
64458
125207
133854
83935
59402
10773
51504
107975
43355
91006
64567
85469
140152
103727
141696
86068
13322
138917
69274
43535
62662
72153
107648
13585
71960
61518
136116
127930
17776
128961
135005
89645
8877
134946
125716
56848
123500
143311
28378
122164
52329
124771
14148
110346
101931
92475
56098
144624
137717
107452
107882
108519
160537
81143
43646
61443
18247
135254
80915
142843
89902
113454
48347
68153
59509
95282
52283
29979
62398
26022
40964
26372
129939
51088
14049
100810