31748
155142
79373
67087
121872
13342
132128
19495
143402
147500
30253
119344
36446
75832
144446
35910
89675
47693
110159
134927
94301
115294
11359
149089
125540
27750
40553
106
135790
139381
159350
82041
129146
9851
96398
129173
46744
20191
46239
103076
158380
21678
124080
32436
67766
124277
111136
45250
94404
136902
45774
25808
145699
148182
95960
100575
129147
131313
63730
105720
13562
80122
69884
100606
15103
149254
89644
100619
22286
19215
136152
53522
107907
160021
65816
66842
18715
122144
14113
803
41261
65839
91958
97080
64827
128838
115017
37194
157496
21848
1882
99577
19296
89954
145254
109422
32624
52085
63870
67971
115094
97670
74125
10640
7057
86420
84374
118682
97179
82845
47009
53668
30117
97196
40861
44976
26037
147894
63426
38856
63433
127947
11725
87511
7128
4573
101854
19429
87023
6646
159231