159648
5587
100317
52552
39995
23119
85104
21016
95991
90144
60919
71476
42866
147611
8652
25429
131657
89051
155151
78083
62420
78821
44467
91929
52280
143164
1681
96187
13719
108885
9109
20382
11146
72417
138693
62445
2864
73072
35653
91893
64147
64449
103379
115248
44425
47441
153393
35936
8233
23086
24083
19055
140120
136883
148388
20899
40598
110563
119104
33494
102716
155698
129881
152835
65555
89095
62077
61264
51630
147044
48925
25955
71570
127931
137494
62987
44630
102874
154764
126041
64962
37943
51803
70990
68492
68950
109595
126961
91952
3198
70690
65336
153310
26002
142316
62442
44247
49954
153656
48611
140095
130801
72328
78572
55636
41676
68969
53664
63174
72638
51172
118752
68876
53915
95908
60565
137828
24315
128004
60440
95759
59489
98581
111072
59063
61412
80949
48912
58172
105442
140037
139262
127999
61845
155571
48280
61696
121047
34523
7892
82675
25919
7350
52730
78934
13191
17881
48159
61846
44042
97877
44615
148085
60847
132452
90094
57184
108389
99301
7948
57651
9693
101151
133871
146982
146205
129540
68538
64936
139343
49591
138606
9999
50443
128194
62828
102380
292
131436
70811
140267
55736
30508
152294
31685
37303
153564
154505
79920
139445
7570
15457
69381
89809
5130
122362
135896
72759
63452
90009
94086
31510
18282
20503
93349
140136
53746
111304
126715
16360
45487
144971
25836
134125
19059
52866
4184
97851
54601
86002
109217
130228
60936
96784
42349
88350
131931
9061
45366
120551
72247
53604
126325
734
125638
19365
134902
2361
46522
126949
20640
132429
59020
160481
63636
60816
180
4115
123747
102016
11943
61262
50447
158308
35442
51840
63810
139938
66419
113580
110538
97797
131253
138797
12884
146582
87181
127577
52050
133975
65772
18755
82969
142979
129658
151001
1756
67143
60820
27373
149675
155098
105046
64097
148334
153689
89012
10761
48469
66805
157097
77439
98428
42575
17695
133480
147855
47094
136509
123522
101408
43469
160
47374
66215
51033
88745
20537
2457
137557
66143
126551
158889
42421
132601
161195
143191
117672
4698
106298
14115
82676
65849
133761
127438
94743
117933
54274
48074
55509
45168
35500
42622
56067
44901
61803
132159
129036
155476
3254
42967
28712
77590
66193
136571
119447
63326
85370
39289
88747
61216
43105
61217
88742
89778
157845
10644
20953
65258
158041
158034
10741
63935
46052
58450
159294
2241
88077
56903
63449
103387
1175
79660
8686
115062
94412
101425
94995
60577
73037
146138
7126
141421
27334
50527
112772
120507
1693
107533
146392
59728
156966
35816
56882
46523
41145
67991
155034
120493
135898
80156
62176
32429
15690
39796
126917
133884
25713
88695
74940
127593
133442
10460
116078
5670
102080
111238
105626
54623
50025
1037
71277
111043
118551
58401
81397
1814
95976
3347
80124
72653
3419
21327
93206
145889
11649
160560
146224
72112
89446
53406
143268
151826
143991
52860
33783
28252
129869
45157
61732
123418
101806
102158
132612
130255
52592
45161
64254
101825
132294
47442
65133
77780
130722
160195
62700
715
126179
72364
68091
52468
104964
2176
156974
136572
136158
34010
61260
108202
33065
66633
140000
45709
19121
62208
2025
71475
57993
35336
72884
42621
43746
73158
104085
40938
122580
63385
108548
101379
124965
104774
89270
68205
129934
46812
147952
98687
86531
59535
113092
9658
146656
137404
86144
83808
119209
134379
130169
53818
113531
65304
127092
37183
72111
68818
72383
639
51182
137448
61332
25132
91415
112776
123057
602
147245
72482
63010
28578
85086
18079
142943
103743
64088
140217
58789
102362
157589
61027
74478
33871
74198
112148
160675
45770
82151
57307
44416
95147
143060
125157
155741
61088
44846
25631
130813
111009
64801
19264
19478
50194
436
49922
49803
108439
110109
110471
77711
62996
33984
71970
139748
67862
58479
116854
57214
24291
15453
107727
89659
93439
57501
146039
89920
132226
158843
146436
130886
52597
68813
138948
140133
157776
29158
156016
35751
50604
81325
20270
27214
50347
22528
1689
78225
73523
120390
135106
36053
129153
120590
63464
37911
155686
38441
11031
107022
58411
68052
101550
23724
60277
99830
38117
81476
119646
94036
139525
134964
29776
107794
107003
154840
117101
56015
122056
33097
52165
31797
42844
111978
13461
36064
20700
49804
74002
60338
52757
143381
89434
82192
136148
143575
73063
138678
132040
154541
3296
150056
147367
132611
31440
147271
141990
30042
110916
64661
42861
78984
131563
27347
56210
59420
94754
101843
105268
92263
119619
7597
112688
48543
10104
19046
134196
51010
61902
61625
141799
72991
149686
64108
142024
83148
39060
52701
157516
158165
45101
137552
138933
63946
84018
89453
138368
70115
33978
17513
103176
72913
66845
120066
27292
59829
4839
17868
146991
67283
108399
154317
114368
43967
71285
83767
129514
57834
50642
108404
127910
103224
156260
120316
139125
3764
120541
149844
151295
30117
18999
136138
58646
124068
89230
28904
58939
48453
64778
60246
65588
120204
7287
3767
102650
14663
5969
110141
72399