Multi-EDSM starting...

Preprocessing starting...
1. Shift-And
2. Pos2Pat
3. SuffixTree
4. OccVector
Preproccessing 100 patterns of total size M=10000 completed in 0.073366s.

Searching...
No. determinate bases (f): 78870126
No. degenerate bases (F): 4970565
No. determinate segments (d): 2183322
No. degenerate segments (D): 2325084
No. strings processed shorter than pattern (N'): 6721057
Multi-EDSM total processing time: 188.198s.

106 matches found!

Position,PatternId
------------------
652536,61
1330102,65
1960870,67
2066731,33
3223382,62
3230560,62
3358304,62
4729117,76
5207053,20
5429226,17
5879914,68
7074707,12
8125141,72
8736919,83
9262901,8
9426193,60
9523331,36
10457501,62
12233841,22
12616310,55
12854850,96
12888193,91
13183550,34
13722496,3
13740504,32
14436261,80
17871537,78
18238859,73
19544903,18
20300505,75
21070615,16
21896210,1
25439947,81
25964767,28
25997059,13
26066223,19
26885649,42
27065417,93
27631992,89
28142224,37
34155988,90
38091066,43
38197891,14
39332711,97
39454037,30
39623116,35
42198860,77
42252425,23
42303603,11
42532074,9
42811633,4
43263638,88
44804080,58
44847787,84
45406608,79
45437702,62
45635283,57
45849741,64
47195650,47
47658274,5
49864575,39
49981734,95
50805412,24
51356862,21
51727145,26
51981816,94
52021776,59
53327943,41
54473029,85
54809694,0
54864879,44
55766302,48
56924341,62
57211159,54
57612281,70
58638896,82
58849627,62
59072323,69
60229046,50
60675596,6
61591079,99
61756116,51
62014355,7
62205571,29
62257061,63
62518544,71
63322387,92
63382468,98
63529538,27
63612548,10
63861059,87
65744143,46
65888203,40
66923670,52
67223032,31
67901592,2
68089734,86
68250119,15
68731488,66
70144402,25
73865916,38
76513371,56
78237147,74
79355402,45
79879426,53
80502586,49
188.81user 2.44system 3:39.34elapsed 87%CPU (0avgtext+0avgdata 23208maxresident)k
24inputs+0outputs (0major+5629minor)pagefaults 0swaps
